[MAPDATA_TEXT_OUTPUT]
MAPDATA_EXIST=1
TILESET_ID=0
MAP_WIDTH=40
MAP_HEIGHT=30
MAPLAYER=3
[--MAP_START--]
[MAPLAYER_1_START]
1604444,1604444,1604444,1604444,1604444,1604444,1604444,1604444,1604444,1604444,1604444,1604444,1604444,1604444,1604444,1604444,1604444,1604444,1604444,1604444,1604444,1604444,1604444,1604444,1604444,1604444,1604444,1604444,1604444,1604444,1604444,1604444,1604444,1604444,1604444,1604444,1604444,1604444,1604444,1604444,
1604444,1604444,1604444,1604444,1604443,1604422,1604422,1604422,1604422,1604422,1604434,1604444,1604444,1604444,1604444,1604444,1604444,1604444,1604444,1604444,1604444,1604444,1604444,1604444,1604444,1604444,1604444,1604444,1604444,1604444,1604444,1604444,1604444,1604444,1604444,1604444,1604444,1604444,1604444,1604444,
1604444,1604444,1604444,1604444,1604141,464,465,465,465,466,1601402,1604422,1604422,1604422,1604422,1604422,1604422,1604422,1604422,1604422,1604422,1604422,1604422,1604422,1604422,1604422,1604422,1604422,1604422,1604422,1604422,1604422,1604422,1604422,1604422,1604422,1604434,1604444,1604444,1604444,
1604444,1604444,1604444,1604444,1604141,472,473,473,473,474,464,465,465,465,465,465,465,465,465,465,465,465,465,465,465,465,465,465,465,465,465,465,465,465,465,466,1601414,1604444,1604444,1604444,
1604444,1604444,1604444,1604444,1604141,7,7,7,7,7,472,473,473,473,473,473,473,473,473,473,473,473,473,473,473,473,473,473,473,473,473,473,473,473,473,474,1601414,1604444,1604444,1604444,
1604444,1604444,1604444,1604444,1604141,7,7,7,7,7,7,7,7,7,7,7,7,7,7,7,7,7,7,7,7,7,7,7,7,7,7,7,7,7,7,7,1601414,1604444,1604444,1604444,
1604444,1604444,1604444,1604444,1604141,7,7,7,7,7,7,7,7,7,7,7,7,7,7,7,7,7,7,7,7,7,7,7,7,7,7,7,7,7,7,7,1601414,1604444,1604444,1604444,
1604444,1604444,1604444,1604444,1604141,7,7,7,7,7,1600214,1602244,1602244,1602244,1602244,1602244,1602244,1602244,1602244,1602244,1602244,1602244,1602244,1602244,1602244,1602244,1602244,1602244,1602244,1602244,1602244,1602041,7,7,7,7,1601414,1604444,1604444,1604444,
1604444,1604444,1604444,1604444,1604344,1602244,1602244,1602244,1602244,1602244,1603444,1604444,1604444,1604444,1604444,1604444,1604444,1604444,1604444,1604444,1604444,1604444,1604444,1604444,1604444,1604444,1604444,1604444,1604444,1604444,1604444,1604141,7,7,7,7,1601414,1604444,1604444,1604444,
1604444,1604444,1604444,1604444,1604444,1604444,1604444,1604444,1604444,1604444,1604444,1604444,1604444,1604444,1604444,1604444,1604444,1604444,1604444,1604444,1604444,1604444,1604444,1604444,1604444,1604444,1604444,1604444,1604444,1604444,1604444,1604141,7,7,7,7,1601414,1604444,1604444,1604444,
1604444,1604444,1604444,1604444,1604444,1604444,1604444,1604444,1604444,1604444,1604444,1604444,1604444,1604444,1604444,1604444,1604444,1604444,1604444,1604444,1604444,1604444,1604444,1604444,1604444,1604444,1604444,1604444,1604444,1604444,1604444,1604141,7,7,7,7,1601414,1604444,1604444,1604444,
1604444,1604444,1604444,1604444,1604444,1604444,1604444,1604444,1604444,1604444,1604444,1604444,1604444,1604444,1604444,1604444,1604444,1604443,1604422,1604422,1604422,1604434,1604444,1604444,1604444,1604444,1604444,1604444,1604444,1604444,1604444,1604141,7,7,7,7,1601414,1604444,1604444,1604444,
1604444,1604444,1604444,1604444,1604444,1604444,1604444,1604444,1604444,1604444,1604444,1604444,1604444,1604444,1604444,1604444,1604444,1604141,464,465,466,1601414,1604444,1604444,1604444,1604444,1604444,1604444,1604444,1604444,1604444,1604141,7,7,7,7,1601414,1604444,1604444,1604444,
1604444,1604444,1604444,1604444,1604444,1604444,1604444,1604444,1604444,1604444,1604444,1604444,1604444,1604444,1604444,1604444,1604444,1604141,472,473,474,1601414,1604444,1604444,1604444,1604444,1604444,1604444,1604444,1604444,1604444,1604141,7,7,7,7,1601414,1604444,1604444,1604444,
1604444,1604444,1604444,1604444,1604444,1604444,1604444,1604444,1604444,1604444,1604444,1604444,1604444,1604444,1604444,1604444,1604444,1604141,7,7,7,1601414,1604444,1604444,1604444,1604444,1604444,1604444,1604444,1604444,1604444,1604141,7,7,7,7,1601414,1604444,1604444,1604444,
1604444,1604444,1604444,1604444,1604444,1604444,1604444,1604444,1604444,1604444,1604444,1604444,1604444,1604444,1604444,1604444,1604444,1604141,7,7,7,1601414,1604444,1604444,1604444,1604444,1604444,1604444,1604444,1604444,1604444,1604141,7,7,7,7,1601414,1604444,1604444,1604444,
1604444,1604444,1604444,1604444,1604444,1604444,1604444,1604444,1604444,1604444,1604444,1604444,1604444,1604444,1604444,1604444,1604444,1604141,7,7,7,1601414,1604444,1604444,1604444,1604444,1604444,1604444,1604444,1604444,1604444,1604141,7,7,7,7,1601414,1604444,1604444,1604444,
1604444,1604444,1604444,1604444,1604444,1604444,1604444,1604444,1604444,1604444,1604444,1604444,1604444,1604444,1604444,1604444,1604444,1604141,7,7,7,1601414,1604444,1604444,1604444,1604444,1604444,1604444,1604444,1604444,1604444,1604141,7,7,7,7,1601414,1604444,1604444,1604444,
1604444,1604444,1604444,1604444,1604444,1604444,1604444,1604444,1604444,1604444,1604444,1604444,1604444,1604444,1604444,1604444,1604444,1604141,7,7,7,1601414,1604444,1604444,1604444,1604444,1604444,1604444,1604444,1604444,1604444,1604141,7,7,7,7,1601414,1604444,1604444,1604444,
1604444,1604444,1604444,1604444,1604444,1604443,1604422,1604422,1604422,1604422,1604422,1604422,1604422,1604422,1604422,1604422,1604422,1604120,7,7,7,1601402,1604422,1604422,1604422,1604422,1604422,1604422,1604422,1604422,1604422,1604120,7,7,7,7,1601414,1604444,1604444,1604444,
1604444,1604444,1604444,1604444,1604444,1604141,464,465,465,465,465,465,465,465,465,465,465,466,7,7,7,464,465,465,465,465,465,465,465,465,465,466,7,7,7,7,1601414,1604444,1604444,1604444,
1604444,1604444,1604444,1604444,1604444,1604141,472,473,473,473,473,473,473,473,473,473,473,474,7,7,7,472,473,473,473,473,473,473,473,473,473,474,7,7,7,7,1601414,1604444,1604444,1604444,
1604444,1604444,1604444,1604444,1604444,1604141,7,7,7,7,7,7,7,7,7,7,7,7,7,7,7,7,7,7,7,7,7,7,7,7,7,7,7,7,7,7,1601414,1604444,1604444,1604444,
1604444,1604444,1604444,1604444,1604444,1604141,7,7,7,7,7,7,7,7,7,7,7,7,7,7,7,7,7,7,7,7,7,7,7,7,7,7,7,7,7,7,1601414,1604444,1604444,1604444,
1604444,1604444,1604444,1604444,1604444,1604141,7,7,7,1600214,1602244,1602244,1602244,1602244,1602244,1602244,1602244,1602244,1602244,1602244,1602244,1602244,1602244,1602244,1602244,1602244,1602244,1602244,1602244,1602244,1602244,1602244,1602244,1602244,1602244,1602244,1603444,1604444,1604444,1604444,
1604444,1604444,1604444,1604444,1604444,1604141,7,7,7,1601414,1604444,1604444,1604444,1604444,1604444,1604444,1604444,1604444,1604444,1604444,1604444,1604444,1604444,1604444,1604444,1604444,1604444,1604444,1604444,1604444,1604444,1604444,1604444,1604444,1604444,1604444,1604444,1604444,1604444,1604444,
1604444,1604444,1604444,1604444,1604444,1604141,7,7,7,1601414,1604444,1604444,1604444,1604444,1604444,1604444,1604444,1604444,1604444,1604444,1604444,1604444,1604444,1604444,1604444,1604444,1604444,1604444,1604444,1604444,1604444,1604444,1604444,1604444,1604444,1604444,1604444,1604444,1604444,1604444,
1604444,1604444,1604444,1604444,1604444,1604141,7,7,7,1601414,1604444,1604444,1604444,1604444,1604444,1604444,1604444,1604444,1604444,1604444,1604444,1604444,1604444,1604444,1604444,1604444,1604444,1604444,1604444,1604444,1604444,1604444,1604444,1604444,1604444,1604444,1604444,1604444,1604444,1604444,
1604444,1604444,1604444,1604444,1604444,1604141,7,7,7,1601414,1604444,1604444,1604444,1604444,1604444,1604444,1604444,1604444,1604444,1604444,1604444,1604444,1604444,1604444,1604444,1604444,1604444,1604444,1604444,1604444,1604444,1604444,1604444,1604444,1604444,1604444,1604444,1604444,1604444,1604444,
1604444,1604444,1604444,1604444,1604444,1604141,7,7,7,1601414,1604444,1604444,1604444,1604444,1604444,1604444,1604444,1604444,1604444,1604444,1604444,1604444,1604444,1604444,1604444,1604444,1604444,1604444,1604444,1604444,1604444,1604444,1604444,1604444,1604444,1604444,1604444,1604444,1604444,1604444,
[MAPLAYER_1_END]
[MAPLAYER_2_START]
104444,104444,104444,104444,104444,104444,104444,104444,104444,104444,104444,104444,104444,104444,104444,104444,104444,104444,104444,104444,104444,104444,104444,104444,104444,104444,104444,104444,104444,104444,104444,104444,104444,104444,104444,104444,104444,104444,104444,104444,
104444,104444,104444,104444,104444,104444,104444,104444,104444,104444,104444,104444,104444,104444,104444,104444,104444,104444,104444,104444,104444,104444,104444,104444,104444,104444,104444,104444,104444,104444,104444,104444,104444,104444,104444,104444,104444,104444,104444,104444,
104444,104444,104444,104444,104444,104444,104444,104444,104444,104444,104444,104444,104444,104444,104444,104444,104444,104444,104444,104444,104444,104444,104444,104444,104444,104444,104444,104444,104444,104444,104444,104444,104444,104444,104444,104444,104444,104444,104444,104444,
104444,104444,104444,104444,104444,104444,104444,104444,104444,104444,104444,104444,104444,104444,104444,104444,104444,104444,104444,104444,104444,104444,104444,104444,104444,104444,104444,104444,104444,104444,104444,104444,104444,104444,104444,104444,104444,104444,104444,104444,
104444,104444,104444,104444,104444,104444,104444,104444,104444,104444,104444,104444,104444,104444,104444,104444,104444,104444,104444,104444,104444,104444,104444,104444,104444,104444,104444,104444,104444,104444,104444,104444,104444,104444,104444,104444,104444,104444,104444,104444,
104444,104444,104444,104444,104444,104444,104444,104444,104444,104444,104444,104444,104444,104444,104444,104444,104444,104444,104444,104444,104444,104444,104444,104444,104444,104444,104444,104444,104444,104444,104444,104444,104444,104444,104444,104444,104444,104444,104444,104444,
104444,104444,104444,104444,104444,104444,104444,104444,104444,104444,104444,104444,104444,104444,104444,104444,104444,104444,104444,104444,104444,104444,104444,104444,104444,104444,104444,104444,104444,104444,104444,104444,104444,104444,104444,104444,104444,104444,104444,104444,
104444,104444,104444,104444,104444,104444,104444,104444,104444,104444,104444,104444,104444,104444,104444,104444,104444,104444,104444,104444,104444,104444,104444,104444,104444,104444,104444,104444,104444,104444,104444,104444,104444,104444,104444,104444,104444,104444,104444,104444,
104444,104444,104444,104444,104444,104444,104444,104444,104444,104444,104444,104444,104444,104444,104444,104444,104444,104444,104444,104444,104444,104444,104444,104444,104444,104444,104444,104444,104444,104444,104444,104444,104444,104444,104444,104444,104444,104444,104444,104444,
104444,104444,104444,104444,104444,104444,104444,104444,104444,104444,104444,104444,104444,104444,104444,104444,104444,104444,104444,104444,104444,104444,104444,104444,104444,104444,104444,104444,104444,104444,104444,104444,104444,104444,104444,104444,104444,104444,104444,104444,
104444,104444,104444,104444,104444,104444,104444,104444,104444,104444,104444,104444,104444,104444,104444,104444,104444,104444,104444,104444,104444,104444,104444,104444,104444,104444,104444,104444,104444,104444,104444,104444,104444,104444,104444,104444,104444,104444,104444,104444,
104444,104444,104444,104444,104444,104444,104444,104444,104444,104444,104444,104444,104444,104444,104444,104444,104444,104444,104444,104444,104444,104444,104444,104444,104444,104444,104444,104444,104444,104444,104444,104444,104444,104444,104444,104444,104444,104444,104444,104444,
104444,104444,104444,104444,104444,104444,104444,104444,104444,104444,104444,104444,104444,104444,104444,104444,104444,104444,104444,104444,104444,104444,104444,104444,104444,104444,104444,104444,104444,104444,104444,104444,104444,104444,104444,104444,104444,104444,104444,104444,
104444,104444,104444,104444,104444,104444,104444,104444,104444,104444,104444,104444,104444,104444,104444,104444,104444,104444,104444,104444,104444,104444,104444,104444,104444,104444,104444,104444,104444,104444,104444,104444,104444,104444,104444,104444,104444,104444,104444,104444,
104444,104444,104444,104444,104444,104444,104444,104444,104444,104444,104444,104444,104444,104444,104444,104444,104444,104444,104444,104444,104444,104444,104444,104444,104444,104444,104444,104444,104444,104444,104444,104444,104444,104444,104444,104444,104444,104444,104444,104444,
104444,104444,104444,104444,104444,104444,104444,104444,104444,104444,104444,104444,104444,104444,104444,104444,104444,104444,104444,104444,104444,104444,104444,104444,104444,104444,104444,104444,104444,104444,104444,104444,104444,104444,104444,104444,104444,104444,104444,104444,
104444,104444,104444,104444,104444,104444,104444,104444,104444,104444,104444,104444,104444,104444,104444,104444,104444,104444,104444,104444,104444,104444,104444,104444,104444,104444,104444,104444,104444,104444,104444,104444,104444,104444,104444,104444,104444,104444,104444,104444,
104444,104444,104444,104444,104444,104444,104444,104444,104444,104444,104444,104444,104444,104444,104444,104444,104444,104444,104444,104444,104444,104444,104444,104444,104444,104444,104444,104444,104444,104444,104444,104444,104444,104444,104444,104444,104444,104444,104444,104444,
104444,104444,104444,104444,104444,104444,104444,104444,104444,104444,104444,104444,104444,104444,104444,104444,104444,104444,104444,104444,104444,104444,104444,104444,104444,104444,104444,104444,104444,104444,104444,104444,104444,104444,104444,104444,104444,104444,104444,104444,
104444,104444,104444,104444,104444,104444,104444,104444,104444,104444,104444,104444,104444,104444,104444,104444,104444,104444,104444,104444,104444,104444,104444,104444,104444,104444,104444,104444,104444,104444,104444,104444,104444,104444,104444,104444,104444,104444,104444,104444,
104444,104444,104444,104444,104444,104444,104444,104444,104444,104444,104444,104444,104444,104444,104444,104444,104444,104444,104444,104444,104444,104444,104444,104444,104444,104444,104444,104444,104444,104444,104444,104444,104444,104444,104444,104444,104444,104444,104444,104444,
104444,104444,104444,104444,104444,104444,104444,104444,104444,104444,104444,104444,104444,104444,104444,104444,104444,104444,104444,104444,104444,104444,104444,104444,104444,104444,104444,104444,104444,104444,104444,104444,104444,104444,104444,104444,104444,104444,104444,104444,
104444,104444,104444,104444,104444,104444,104444,104444,104444,104444,104444,104444,104444,104444,104444,104444,104444,104444,104444,104444,104444,104444,104444,104444,104444,104444,104444,104444,104444,104444,104444,104444,104444,104444,104444,104444,104444,104444,104444,104444,
104444,104444,104444,104444,104444,104444,104444,104444,104444,104444,104444,104444,104444,104444,104444,104444,104444,104444,104444,104444,104444,104444,104444,104444,104444,104444,104444,104444,104444,104444,104444,104444,104444,104444,104444,104444,104444,104444,104444,104444,
104444,104444,104444,104444,104444,104444,104444,104444,104444,104444,104444,104444,104444,104444,104444,104444,104444,104444,104444,104444,104444,104444,104444,104444,104444,104444,104444,104444,104444,104444,104444,104444,104444,104444,104444,104444,104444,104444,104444,104444,
104444,104444,104444,104444,104444,104444,104444,104444,104444,104444,104444,104444,104444,104444,104444,104444,104444,104444,104444,104444,104444,104444,104444,104444,104444,104444,104444,104444,104444,104444,104444,104444,104444,104444,104444,104444,104444,104444,104444,104444,
104444,104444,104444,104444,104444,104444,104444,104444,104444,104444,104444,104444,104444,104444,104444,104444,104444,104444,104444,104444,104444,104444,104444,104444,104444,104444,104444,104444,104444,104444,104444,104444,104444,104444,104444,104444,104444,104444,104444,104444,
104444,104444,104444,104444,104444,104444,104444,104444,104444,104444,104444,104444,104444,104444,104444,104444,104444,104444,104444,104444,104444,104444,104444,104444,104444,104444,104444,104444,104444,104444,104444,104444,104444,104444,104444,104444,104444,104444,104444,104444,
104444,104444,104444,104444,104444,104444,104444,104444,104444,104444,104444,104444,104444,104444,104444,104444,104444,104444,104444,104444,104444,104444,104444,104444,104444,104444,104444,104444,104444,104444,104444,104444,104444,104444,104444,104444,104444,104444,104444,104444,
104444,104444,104444,104444,104444,104444,104444,104444,104444,104444,104444,104444,104444,104444,104444,104444,104444,104444,104444,104444,104444,104444,104444,104444,104444,104444,104444,104444,104444,104444,104444,104444,104444,104444,104444,104444,104444,104444,104444,104444,
[MAPLAYER_2_END]
[MAPLAYER_3_START]
104444,104444,104444,104444,104444,104444,104444,104444,104444,104444,104444,104444,100000,100000,100000,100000,100000,100000,100000,100000,100000,100000,100000,100000,100000,100000,100000,100000,100000,100000,100000,100000,100000,100000,100000,100000,100000,100000,100000,100000,
104444,104444,104444,104444,104444,104444,104444,104444,104444,104444,104444,104444,104444,104444,104444,104444,104444,100000,100000,100000,100000,100000,100000,100000,100000,100000,100000,100000,100000,100000,100000,100000,100000,100000,100000,100000,100000,100000,100000,100000,
104444,104444,104444,104444,104444,104444,104444,104444,104444,104444,104444,104444,104444,104444,104444,104444,104444,100000,100000,100000,100000,100000,100000,100000,100000,100000,100000,100000,100000,100000,100000,100000,100000,100000,100000,100000,100000,100000,100000,100000,
104444,104444,104444,104444,104444,104444,104444,104444,104444,104444,104444,104444,104444,104444,104444,104444,104444,100000,100000,100000,100000,100000,100000,100000,100000,100000,100000,100000,100000,100000,100000,100000,100000,100000,100000,100000,100000,100000,100000,100000,
104444,104444,104444,104444,104444,104444,104444,104444,104444,104444,104444,104444,104444,104444,104444,104444,104444,100000,100000,100000,100000,100000,100000,100000,100000,100000,100000,100000,100000,100000,100000,100000,100000,100000,100000,100000,100000,100000,100000,100000,
104444,104444,104444,104444,104444,104444,104444,104444,104444,104444,104444,104444,104444,104444,104444,104444,104444,100000,100000,100000,100000,100000,100000,100000,100000,100000,100000,100000,100000,104444,104444,104444,104444,104444,104444,104444,104444,104444,104444,100000,
104444,104444,104444,104444,104444,104444,104444,104444,104444,104444,104444,104444,104444,104444,104444,104444,104444,100000,100000,100000,100000,100000,100000,100000,100000,100000,100000,100000,100000,104444,104444,104444,104444,104444,104444,104444,104444,104444,104444,100000,
104444,104444,104444,104444,104444,104444,104444,104444,104444,104444,104444,104444,104444,104444,104444,104444,104444,100000,100000,100000,100000,100000,100000,100000,100000,100000,100000,100000,100000,104444,104444,104444,104444,104444,104444,104444,104444,104444,104444,100000,
104444,104444,104444,104444,104444,104444,104444,104444,104444,104444,104444,104444,104444,104444,104444,104444,104444,100000,100000,100000,100000,100000,100000,100000,100000,100000,100000,100000,100000,104444,104444,104444,104444,104444,104444,104444,104444,104444,104444,100000,
104444,104444,104444,104444,104444,104444,104444,104444,104444,104444,104444,104444,104444,104444,104444,104444,104444,100000,100000,100000,100000,100000,100000,100000,100000,100000,100000,100000,100000,104444,104444,104444,104444,104444,104444,104444,104444,104444,104444,100000,
100000,100000,100000,100000,104444,104444,104444,104444,104444,104444,104444,104444,104444,104444,104444,104444,104444,100000,100000,100000,100000,100000,100000,100000,100000,100000,100000,100000,100000,104444,104444,104444,104444,104444,104444,104444,104444,104444,104444,100000,
100000,100000,100000,100000,100000,100000,100000,100000,100000,100000,100000,100000,100000,100000,100000,100000,100000,100000,100000,100000,100000,100000,100000,100000,100000,100000,100000,100000,100000,104444,104444,104444,104444,104444,104444,104444,104444,104444,104444,100000,
100000,100000,100000,100000,100000,100000,100000,100000,100000,100000,100000,100000,100000,100000,100000,100000,100000,100000,100000,100000,100000,100000,100000,100000,100000,100000,100000,100000,100000,104444,104444,104444,104444,104444,104444,104444,104444,104444,104444,100000,
100000,100000,100000,100000,100000,100000,100000,100000,100000,100000,100000,100000,100000,100000,100000,100000,100000,100000,100000,100000,100000,100000,100000,100000,100000,100000,100000,100000,100000,104444,104444,104444,104444,104444,104444,104444,104444,104444,104444,100000,
100000,100000,100000,100000,100000,100000,100000,100000,100000,100000,100000,100000,100000,100000,100000,100000,100000,100000,100000,100000,100000,100000,100000,100000,100000,100000,100000,100000,100000,104444,104444,104444,104444,104444,104444,104444,104444,104444,104444,100000,
100000,100000,100000,100000,100000,100000,100000,100000,100000,100000,100000,100000,100000,100000,100000,100000,100000,100000,100000,100000,100000,100000,100000,100000,100000,100000,100000,100000,100000,100000,100000,100000,100000,100000,100000,100000,100000,100000,100000,100000,
100000,100000,100000,100000,100000,100000,100000,100000,100000,100000,100000,100000,100000,100000,100000,100000,100000,100000,100000,100000,100000,100000,100000,100000,100000,100000,100000,100000,100000,100000,100000,100000,100000,100000,100000,100000,100000,100000,100000,100000,
100000,100000,100000,100000,100000,100000,100000,100000,100000,100000,100000,100000,100000,100000,100000,100000,100000,100000,100000,100000,100000,100000,100000,100000,100000,100000,100000,100000,100000,104444,104444,104444,104444,104444,100000,100000,100000,100000,100000,100000,
100000,100000,100000,100000,100000,100000,100000,100000,100000,100000,100000,100000,100000,100000,100000,100000,104444,104444,104444,104444,104444,104444,104444,104444,104444,104444,100000,100000,100000,104444,104444,104444,104444,104444,104444,104444,104444,100000,100000,100000,
100000,100000,100000,100000,100000,100000,100000,100000,100000,100000,100000,100000,100000,100000,100000,100000,104444,104444,104444,104444,104444,104444,104444,104444,104444,104444,100000,100000,100000,104444,104444,104444,104444,104444,104444,104444,104444,100000,100000,100000,
100000,100000,100000,100000,100000,100000,100000,100000,100000,100000,100000,100000,100000,100000,100000,100000,104444,104444,104444,104444,104444,104444,104444,104444,104444,104444,100000,100000,100000,104444,104444,104444,104444,104444,104444,104444,104444,104444,100000,100000,
100000,100000,100000,100000,100000,100000,100000,100000,100000,100000,100000,100000,100000,100000,100000,100000,104444,104444,104444,104444,104444,104444,104444,104444,104444,104444,100000,100000,100000,104444,104444,104444,104444,104444,104444,104444,104444,104444,100000,100000,
100000,100000,100000,100000,100000,100000,100000,100000,100000,100000,100000,100000,100000,100000,100000,100000,104444,104444,104444,104444,104444,104444,104444,104444,104444,104444,100000,100000,100000,104444,104444,104444,104444,104444,104444,104444,104444,104444,100000,100000,
100000,100000,100000,100000,100000,100000,100000,100000,100000,100000,100000,100000,100000,100000,100000,100000,104444,104444,104444,104444,104444,104444,104444,104444,104444,104444,100000,100000,100000,100000,104444,104444,104444,104444,104444,104444,104444,104444,100000,100000,
100000,100000,100000,100000,100000,100000,100000,100000,100000,100000,100000,100000,100000,100000,100000,100000,100000,100000,100000,100000,100000,100000,100000,100000,100000,100000,100000,100000,100000,100000,100000,100000,104444,104444,104444,104444,104444,104444,100000,100000,
100000,100000,100000,100000,100000,100000,100000,100000,100000,100000,100000,100000,100000,100000,100000,100000,100000,100000,100000,100000,100000,100000,100000,100000,100000,100000,100000,100000,100000,100000,100000,100000,104444,104444,104444,104444,104444,104444,100000,100000,
100000,100000,100000,100000,100000,100000,100000,100000,100000,100000,100000,100000,100000,100000,100000,100000,100000,100000,100000,100000,100000,100000,100000,100000,100000,100000,100000,100000,100000,100000,100000,100000,100000,100000,100000,100000,100000,100000,100000,100000,
100000,100000,100000,100000,100000,100000,100000,100000,100000,100000,100000,100000,100000,100000,100000,100000,100000,100000,100000,100000,100000,100000,100000,100000,100000,100000,100000,100000,100000,100000,100000,100000,100000,100000,100000,100000,100000,100000,100000,100000,
100000,100000,100000,100000,100000,100000,100000,100000,100000,100000,100000,100000,100000,100000,100000,100000,100000,100000,100000,100000,100000,100000,100000,100000,100000,100000,100000,100000,100000,100000,100000,100000,100000,100000,100000,100000,100000,100000,100000,100000,
100000,100000,100000,100000,100000,100000,100000,100000,100000,100000,100000,100000,100000,100000,100000,100000,100000,100000,100000,100000,100000,100000,100000,100000,100000,100000,100000,100000,100000,100000,100000,100000,100000,100000,100000,100000,100000,100000,100000,100000,
[MAPLAYER_3_END]
[--MAP_END--]
----------
[EVENTDATA_TEXT_OUTPUT]
EVENT_NUM=7
-----
EVENT_ID=0
EVENT_NAME=入口場所移動
EVENT_X=7
EVENT_Y=29
EVENT_PAGE=1
OPTION_DATA_NUM=0
EVENT_PAGE_NUM=1
EVENT_PAGE=0
EVENT_TILE_ID=-1
GRAPHIC_FILENAME=
EVENT_DIRECTION=2
EVENT_PATTERN=1
EVENT_OPACITY=255
EVENT_BLENDTYPE=0
EVENT_TRIGGER_TYPE=3
EVENT_CONDITION_0_USE=32
EVENT_CONDITION_TARGET_0=1000000
EVENT_CONDITION_VALUE_0=0
EVENT_CONDITION_1_USE=32
EVENT_CONDITION_TARGET_1=1000000
EVENT_CONDITION_VALUE_1=0
EVENT_CONDITION_2_USE=32
EVENT_CONDITION_TARGET_2=1000000
EVENT_CONDITION_VALUE_2=0
EVENT_CONDITION_3_USE=32
EVENT_CONDITION_TARGET_3=1000000
EVENT_CONDITION_VALUE_3=0
ANIME_SPEED=3
MOVE_SPEED=3
MOVE_FREQUENCY=3
MOVE_TYPE=0
CHARA_OPTION_FLAG=35
ROUTE_OPTION_FLAG=2
ROUTE_COMMAND_NUM=0
OPTION_VAL_NUM=3
OPTION_VAL_0=0
OPTION_VAL_1=3
OPTION_VAL_2=0
COMMAND_NUM=6
--
WoditorEvCOMMAND_START
[103][0,1]<0>()("セーブを許可する")
[210][3,0]<0>(500015,1,100)()
[103][0,1]<0>()("場所移動")
[210][2,0]<0>(500252,0)()
[130][5,0]<0>(-1,34,12,14,32)()
[0][0,0]<0>()()
WoditorEvCOMMAND_END
--
[COMMAND_TEXT_START]
▼ セーブを許可する
■イベントの挿入： コモン15：[ ○セーブ許可・禁止設定 ] / 100
▼ 場所移動
■イベントの挿入： コモン252：[ 乱数 ]
■場所移動：主人公 ▲マップID14[デバックスタート] X:34 Y:12  [ﾄﾗﾝｼﾞｼｮﾝ + 暗転有り]
■
[COMMAND_TEXT_END]
-----
EVENT_ID=1
EVENT_NAME=回復人
EVENT_X=18
EVENT_Y=15
EVENT_PAGE=1
OPTION_DATA_NUM=0
EVENT_PAGE_NUM=1
EVENT_PAGE=0
EVENT_TILE_ID=-1
GRAPHIC_FILENAME=CharaChip/エシュター.png
EVENT_DIRECTION=2
EVENT_PATTERN=1
EVENT_OPACITY=255
EVENT_BLENDTYPE=0
EVENT_TRIGGER_TYPE=0
EVENT_CONDITION_0_USE=32
EVENT_CONDITION_TARGET_0=1000000
EVENT_CONDITION_VALUE_0=0
EVENT_CONDITION_1_USE=32
EVENT_CONDITION_TARGET_1=1000000
EVENT_CONDITION_VALUE_1=0
EVENT_CONDITION_2_USE=32
EVENT_CONDITION_TARGET_2=1000000
EVENT_CONDITION_VALUE_2=0
EVENT_CONDITION_3_USE=32
EVENT_CONDITION_TARGET_3=1000000
EVENT_CONDITION_VALUE_3=0
ANIME_SPEED=3
MOVE_SPEED=3
MOVE_FREQUENCY=3
MOVE_TYPE=0
CHARA_OPTION_FLAG=35
ROUTE_OPTION_FLAG=2
ROUTE_COMMAND_NUM=0
OPTION_VAL_NUM=3
OPTION_VAL_0=0
OPTION_VAL_1=0
OPTION_VAL_2=0
COMMAND_NUM=11
--
WoditorEvCOMMAND_START
[102][1,2]<0>(50)("完全回復する","何もしない")
[401][1,0]<0>(2)()
[101][0,1]<1>()("「完全回復、了解！<\n>　ピロリロリロ～！")
[151][2,0]<1>(26658966,20)()
[210][5,0]<1>(500004,3,7,-1,15)()
[140][6,1]<1>(33554464,0,0,0,100,100)("SE/[Effect]Healing1_panop.ogg")
[0][0,0]<1>()()
[401][1,0]<0>(3)()
[0][0,0]<1>()()
[499][0,0]<0>()()
[0][0,0]<0>()()
WoditorEvCOMMAND_END
--
[COMMAND_TEXT_START]
■文章選択肢:/ 【1】完全回復する / 【2】何もしない 
-◇選択肢：【1】 完全回復する                                   の場合↓
 |■文章:「完全回復、了解！\n　ピロリロリロ～！
 |■色調変更：(フラッシュ) R150 G200 B150 / 20ﾌﾚｰﾑ
 |■イベントの挿入： コモン4：[ ○回復・ダメージ処理 ] / 7:完全回復 / -1:パーティ全員 / 15
 |■サウンド：SE ﾌｧｲﾙ[SE/[Effect]Healing1_panop.ogg] 音 100％ 周 100％ (0 ﾁｬﾝﾈﾙ) 再生 / 遅延：0ﾌﾚｰﾑ
 |■
-◇選択肢：【2】 何もしない                                    の場合↓
 |■
◇分岐終了◇
■
[COMMAND_TEXT_END]
-----
EVENT_ID=2
EVENT_NAME=敵エンカウント処理
EVENT_X=21
EVENT_Y=13
EVENT_PAGE=1
OPTION_DATA_NUM=0
EVENT_PAGE_NUM=1
EVENT_PAGE=0
EVENT_TILE_ID=-1
GRAPHIC_FILENAME=
EVENT_DIRECTION=2
EVENT_PATTERN=1
EVENT_OPACITY=255
EVENT_BLENDTYPE=0
EVENT_TRIGGER_TYPE=3
EVENT_CONDITION_0_USE=32
EVENT_CONDITION_TARGET_0=1000000
EVENT_CONDITION_VALUE_0=0
EVENT_CONDITION_1_USE=32
EVENT_CONDITION_TARGET_1=1000000
EVENT_CONDITION_VALUE_1=0
EVENT_CONDITION_2_USE=32
EVENT_CONDITION_TARGET_2=1000000
EVENT_CONDITION_VALUE_2=0
EVENT_CONDITION_3_USE=32
EVENT_CONDITION_TARGET_3=1000000
EVENT_CONDITION_VALUE_3=0
ANIME_SPEED=3
MOVE_SPEED=3
MOVE_FREQUENCY=3
MOVE_TYPE=0
CHARA_OPTION_FLAG=35
ROUTE_OPTION_FLAG=2
ROUTE_COMMAND_NUM=0
OPTION_VAL_NUM=3
OPTION_VAL_0=0
OPTION_VAL_1=33
OPTION_VAL_2=22
COMMAND_NUM=2
--
WoditorEvCOMMAND_START
[210][6,0]<0>(500037,4,100,32,33,-3)()
[0][0,0]<0>()()
WoditorEvCOMMAND_END
--
[COMMAND_TEXT_START]
■イベントの挿入： コモン37：[ ◇ランダムエンカウント処理  ] / 100 / 32:ゴブリン3匹 / 33:ゴブリン部隊 / -3:<なし>
■
[COMMAND_TEXT_END]
-----
EVENT_ID=3
EVENT_NAME=宝箱
EVENT_X=7
EVENT_Y=5
EVENT_PAGE=2
OPTION_DATA_NUM=0
EVENT_PAGE_NUM=2
EVENT_PAGE=0
EVENT_TILE_ID=862
GRAPHIC_FILENAME=
EVENT_DIRECTION=2
EVENT_PATTERN=1
EVENT_OPACITY=255
EVENT_BLENDTYPE=0
EVENT_TRIGGER_TYPE=0
EVENT_CONDITION_0_USE=32
EVENT_CONDITION_TARGET_0=1000000
EVENT_CONDITION_VALUE_0=0
EVENT_CONDITION_1_USE=32
EVENT_CONDITION_TARGET_1=1000000
EVENT_CONDITION_VALUE_1=0
EVENT_CONDITION_2_USE=32
EVENT_CONDITION_TARGET_2=1000000
EVENT_CONDITION_VALUE_2=0
EVENT_CONDITION_3_USE=32
EVENT_CONDITION_TARGET_3=1000000
EVENT_CONDITION_VALUE_3=0
ANIME_SPEED=3
MOVE_SPEED=3
MOVE_FREQUENCY=3
MOVE_TYPE=0
CHARA_OPTION_FLAG=36
ROUTE_OPTION_FLAG=2
ROUTE_COMMAND_NUM=0
OPTION_VAL_NUM=3
OPTION_VAL_0=0
OPTION_VAL_1=0
OPTION_VAL_2=0
COMMAND_NUM=36
--
WoditorEvCOMMAND_START
[101][0,1]<0>()("「『脱出のカギ』<\n>　これを手にする者には試練が降りかかる」<\n>と書いてある。")
[102][1,2]<0>(50)("開ける","まだ開けない")
[401][1,0]<0>(2)()
[180][1,0]<1>(10)()
[151][2,0]<1>(2629150,15)()
[180][1,0]<1>(20)()
[101][0,1]<1>()("”そなたらが町から脱出するのに<\n>　ふさわしい者かどうか、その力で示せ！”")
[101][0,1]<1>()("”10ターン以内に<\n>　\r[我,わ]が\r[輩,はい]を倒してみせるのだ！”")
[180][1,0]<1>(10)()
[210][7,0]<1>(500028,16777220,34,0,1,4,1100001)()
[111][7,0]<1>(2,1100001,1,2,1100001,0,3)()
[401][1,0]<1>(1)()
[103][0,1]<2>()("戦闘に勝利すると1が入っているので、以下の処理を行う")
[151][2,0]<2>(2629150,15)()
[180][1,0]<2>(20)()
[101][0,1]<2>()("”おめでとう、君たちの勝ちだ”")
[151][2,0]<2>(6579300,15)()
[180][1,0]<2>(20)()
[121][4,0]<2>(1100000,1,0,0)()
[140][6,1]<2>(33554464,0,0,0,100,100)("nobihazaSE/アイテム1.wav")
[210][5,0]<2>(500000,3,20,1,0)()
[101][0,1]<2>()("ドラえもんたちは<\n>「クリアするための鍵」を手に入れた！")
[0][0,0]<2>()()
[401][1,0]<1>(2)()
[103][0,1]<2>()("負けた場合、または逃げた場合")
[151][2,0]<2>(2629150,15)()
[180][1,0]<2>(20)()
[101][0,1]<2>()("”また挑戦するがいい……”")
[0][0,0]<2>()()
[499][0,0]<1>()()
[151][2,0]<1>(6579300,15)()
[0][0,0]<1>()()
[401][1,0]<0>(3)()
[0][0,0]<1>()()
[499][0,0]<0>()()
[0][0,0]<0>()()
WoditorEvCOMMAND_END
--
[COMMAND_TEXT_START]
■文章:「『脱出のカギ』\n　これを手にする者には試練が降りかかる」\nと書いてある。
■文章選択肢:/ 【1】開ける / 【2】まだ開けない 
-◇選択肢：【1】 開ける                                      の場合↓
 |■ウェイト：10 フレーム
 |■色調変更： R30 G30 B40 / 15ﾌﾚｰﾑ
 |■ウェイト：20 フレーム
 |■文章:”そなたらが町から脱出するのに\n　ふさわしい者かどうか、その力で示せ！”
 |■文章:”10ターン以内に\n　\r[我,わ]が\r[輩,はい]を倒してみせるのだ！”
 |■ウェイト：10 フレーム
 |■イベントの挿入： このEvのSelf1 = コモン28：[ ◆バトルの発生 ] / 34:ボス　[10ターン] / 0:逃走可能 / 1:イベント続行 / 4:
 |■条件分岐(数値):  【1】 このEvのSelf1  が   1 と同じ  【2】 このEvのSelf1  が   0 以下 
 |-◇分岐： 【1】  [ このEvのSelf1  が  1 と同じ  ]の場合↓
 | |▼ 戦闘に勝利すると1が入っているので、以下の処理を行う
 | |■色調変更： R30 G30 B40 / 15ﾌﾚｰﾑ
 | |■ウェイト：20 フレーム
 | |■文章:”おめでとう、君たちの勝ちだ”
 | |■色調変更： R100 G100 B100 / 15ﾌﾚｰﾑ
 | |■ウェイト：20 フレーム
 | |■変数操作: このEvのSelf0 = 1 + 0 
 | |■サウンド：SE ﾌｧｲﾙ[nobihazaSE/アイテム1.wav] 音 100％ 周 100％ (0 ﾁｬﾝﾈﾙ) 再生 / 遅延：0ﾌﾚｰﾑ
 | |■イベントの挿入： コモン0：[ ○アイテム増減 ] / 20:クリアするための鍵 / 1 / 0:なし
 | |■文章:ドラえもんたちは\n「クリアするための鍵」を手に入れた！
 | |■
 |-◇分岐： 【2】  [ このEvのSelf1  が  0 以下  ]の場合↓
 | |▼ 負けた場合、または逃げた場合
 | |■色調変更： R30 G30 B40 / 15ﾌﾚｰﾑ
 | |■ウェイト：20 フレーム
 | |■文章:”また挑戦するがいい……”
 | |■
 |◇分岐終了◇
 |■色調変更： R100 G100 B100 / 15ﾌﾚｰﾑ
 |■
-◇選択肢：【2】 まだ開けない                                   の場合↓
 |■
◇分岐終了◇
■
[COMMAND_TEXT_END]
EVENT_PAGE=1
EVENT_TILE_ID=870
GRAPHIC_FILENAME=
EVENT_DIRECTION=2
EVENT_PATTERN=1
EVENT_OPACITY=255
EVENT_BLENDTYPE=0
EVENT_TRIGGER_TYPE=0
EVENT_CONDITION_0_USE=33
EVENT_CONDITION_TARGET_0=1100000
EVENT_CONDITION_VALUE_0=1
EVENT_CONDITION_1_USE=32
EVENT_CONDITION_TARGET_1=1000000
EVENT_CONDITION_VALUE_1=0
EVENT_CONDITION_2_USE=32
EVENT_CONDITION_TARGET_2=1000000
EVENT_CONDITION_VALUE_2=0
EVENT_CONDITION_3_USE=32
EVENT_CONDITION_TARGET_3=1000000
EVENT_CONDITION_VALUE_3=0
ANIME_SPEED=3
MOVE_SPEED=3
MOVE_FREQUENCY=3
MOVE_TYPE=0
CHARA_OPTION_FLAG=36
ROUTE_OPTION_FLAG=2
ROUTE_COMMAND_NUM=0
OPTION_VAL_NUM=3
OPTION_VAL_0=0
OPTION_VAL_1=0
OPTION_VAL_2=0
COMMAND_NUM=1
--
WoditorEvCOMMAND_START
[0][0,0]<0>()()
WoditorEvCOMMAND_END
--
[COMMAND_TEXT_START]
■
[COMMAND_TEXT_END]
-----
EVENT_ID=4
EVENT_NAME=店の人
EVENT_X=20
EVENT_Y=17
EVENT_PAGE=1
OPTION_DATA_NUM=0
EVENT_PAGE_NUM=1
EVENT_PAGE=0
EVENT_TILE_ID=-1
GRAPHIC_FILENAME=CharaChip/シーナ.png
EVENT_DIRECTION=2
EVENT_PATTERN=1
EVENT_OPACITY=255
EVENT_BLENDTYPE=0
EVENT_TRIGGER_TYPE=0
EVENT_CONDITION_0_USE=32
EVENT_CONDITION_TARGET_0=1000000
EVENT_CONDITION_VALUE_0=0
EVENT_CONDITION_1_USE=32
EVENT_CONDITION_TARGET_1=1000000
EVENT_CONDITION_VALUE_1=0
EVENT_CONDITION_2_USE=32
EVENT_CONDITION_TARGET_2=1000000
EVENT_CONDITION_VALUE_2=0
EVENT_CONDITION_3_USE=32
EVENT_CONDITION_TARGET_3=1000000
EVENT_CONDITION_VALUE_3=0
ANIME_SPEED=3
MOVE_SPEED=3
MOVE_FREQUENCY=3
MOVE_TYPE=0
CHARA_OPTION_FLAG=99
ROUTE_OPTION_FLAG=2
ROUTE_COMMAND_NUM=0
OPTION_VAL_NUM=3
OPTION_VAL_0=0
OPTION_VAL_1=0
OPTION_VAL_2=0
COMMAND_NUM=17
--
WoditorEvCOMMAND_START
[101][0,1]<0>()("「いらっしゃい！<\n>　何か買ってくぅ？")
[102][1,2]<0>(2)("ショップ","セーブで")
[401][1,0]<0>(2)()
[210][2,0]<1>(500033,0)()
[210][6,0]<1>(500034,4,1,14,-1,-1)()
[210][6,0]<1>(500034,4,1,16,-1,-1)()
[210][6,0]<1>(500034,4,3,-3,-1,31)()
[210][6,0]<1>(500034,4,3,-3,-1,32)()
[210][3,0]<1>(500035,1,2)()
[0][0,0]<1>()()
[401][1,0]<0>(3)()
[210][3,0]<1>(500014,1,0)()
[0][0,0]<1>()()
[421][1,0]<0>(0)()
[0][0,0]<1>()()
[499][0,0]<0>()()
[0][0,0]<0>()()
WoditorEvCOMMAND_END
--
[COMMAND_TEXT_START]
■文章:「いらっしゃい！\n　何か買ってくぅ？
■文章選択肢:/ 【1】ショップ / 【2】セーブで 
-◇選択肢：【1】 ショップ                                     の場合↓
 |■イベントの挿入： コモン33：[ 【1】 お店 初期化 ]
 |■イベントの挿入： コモン34：[ 【2】 お店 商品の追加 ] / 1:ｱｲﾃﾑ[A] / 14:薬ビン / -1:<なし> / -1:<なし>
 |■イベントの挿入： コモン34：[ 【2】 お店 商品の追加 ] / 1:ｱｲﾃﾑ[A] / 16:スグオキール / -1:<なし> / -1:<なし>
 |■イベントの挿入： コモン34：[ 【2】 お店 商品の追加 ] / 3:防具[C] / -3:<なし> / -1:<なし> / 31:防御の腕輪
 |■イベントの挿入： コモン34：[ 【2】 お店 商品の追加 ] / 3:防具[C] / -3:<なし> / -1:<なし> / 32:シールドお守り
 |■イベントの挿入： コモン35：[ 【3】 お店処理 実行 ] / 2:買いのみ
 |■
-◇選択肢：【2】 セーブで                                     の場合↓
 |■イベントの挿入： コモン14：[ ○各種メニュー呼出 ] / 0:セーブ画面
 |■
-◇キャンセルの場合
 |■
◇分岐終了◇
■
[COMMAND_TEXT_END]
-----
EVENT_ID=5
EVENT_NAME=
EVENT_X=20
EVENT_Y=14
EVENT_PAGE=1
OPTION_DATA_NUM=0
EVENT_PAGE_NUM=1
EVENT_PAGE=0
EVENT_TILE_ID=1310
GRAPHIC_FILENAME=
EVENT_DIRECTION=2
EVENT_PATTERN=1
EVENT_OPACITY=255
EVENT_BLENDTYPE=0
EVENT_TRIGGER_TYPE=0
EVENT_CONDITION_0_USE=32
EVENT_CONDITION_TARGET_0=1000000
EVENT_CONDITION_VALUE_0=0
EVENT_CONDITION_1_USE=32
EVENT_CONDITION_TARGET_1=1000000
EVENT_CONDITION_VALUE_1=0
EVENT_CONDITION_2_USE=32
EVENT_CONDITION_TARGET_2=1000000
EVENT_CONDITION_VALUE_2=0
EVENT_CONDITION_3_USE=32
EVENT_CONDITION_TARGET_3=1000000
EVENT_CONDITION_VALUE_3=0
ANIME_SPEED=3
MOVE_SPEED=3
MOVE_FREQUENCY=3
MOVE_TYPE=0
CHARA_OPTION_FLAG=35
ROUTE_OPTION_FLAG=2
ROUTE_COMMAND_NUM=0
OPTION_VAL_NUM=3
OPTION_VAL_0=0
OPTION_VAL_1=0
OPTION_VAL_2=0
COMMAND_NUM=2
--
WoditorEvCOMMAND_START
[210][3,0]<0>(500230,1,1)()
[0][0,0]<0>()()
WoditorEvCOMMAND_END
--
[COMMAND_TEXT_START]
■イベントの挿入： コモン230：[ [ボツ]┣現金自動預け払いシステム ] / 1
■
[COMMAND_TEXT_END]
-----
EVENT_ID=6
EVENT_NAME=
EVENT_X=33
EVENT_Y=1
EVENT_PAGE=2
OPTION_DATA_NUM=0
EVENT_PAGE_NUM=2
EVENT_PAGE=0
EVENT_TILE_ID=-1
GRAPHIC_FILENAME=
EVENT_DIRECTION=2
EVENT_PATTERN=1
EVENT_OPACITY=255
EVENT_BLENDTYPE=0
EVENT_TRIGGER_TYPE=0
EVENT_CONDITION_0_USE=33
EVENT_CONDITION_TARGET_0=2000010
EVENT_CONDITION_VALUE_0=2
EVENT_CONDITION_1_USE=32
EVENT_CONDITION_TARGET_1=1000000
EVENT_CONDITION_VALUE_1=0
EVENT_CONDITION_2_USE=32
EVENT_CONDITION_TARGET_2=1000000
EVENT_CONDITION_VALUE_2=0
EVENT_CONDITION_3_USE=32
EVENT_CONDITION_TARGET_3=1000000
EVENT_CONDITION_VALUE_3=0
ANIME_SPEED=3
MOVE_SPEED=3
MOVE_FREQUENCY=3
MOVE_TYPE=0
CHARA_OPTION_FLAG=35
ROUTE_OPTION_FLAG=2
ROUTE_COMMAND_NUM=0
OPTION_VAL_NUM=3
OPTION_VAL_0=0
OPTION_VAL_1=0
OPTION_VAL_2=0
COMMAND_NUM=3
--
WoditorEvCOMMAND_START
[121][4,0]<0>(1100000,1,0,4096)()
[121][4,0]<0>(1100001,1,0,0)()
[0][0,0]<0>()()
WoditorEvCOMMAND_END
--
[COMMAND_TEXT_START]
■変数操作: このEvのSelf0 = 1 - 0 
■変数操作: このEvのSelf1 = 1 + 0 
■
[COMMAND_TEXT_END]
EVENT_PAGE=1
EVENT_TILE_ID=-1
GRAPHIC_FILENAME=
EVENT_DIRECTION=2
EVENT_PATTERN=1
EVENT_OPACITY=255
EVENT_BLENDTYPE=0
EVENT_TRIGGER_TYPE=0
EVENT_CONDITION_0_USE=33
EVENT_CONDITION_TARGET_0=1100001
EVENT_CONDITION_VALUE_0=1
EVENT_CONDITION_1_USE=32
EVENT_CONDITION_TARGET_1=1000000
EVENT_CONDITION_VALUE_1=0
EVENT_CONDITION_2_USE=32
EVENT_CONDITION_TARGET_2=1000000
EVENT_CONDITION_VALUE_2=0
EVENT_CONDITION_3_USE=32
EVENT_CONDITION_TARGET_3=1000000
EVENT_CONDITION_VALUE_3=0
ANIME_SPEED=3
MOVE_SPEED=3
MOVE_FREQUENCY=3
MOVE_TYPE=0
CHARA_OPTION_FLAG=35
ROUTE_OPTION_FLAG=2
ROUTE_COMMAND_NUM=0
OPTION_VAL_NUM=3
OPTION_VAL_0=0
OPTION_VAL_1=0
OPTION_VAL_2=0
COMMAND_NUM=1
--
WoditorEvCOMMAND_START
[0][0,0]<0>()()
WoditorEvCOMMAND_END
--
[COMMAND_TEXT_START]
■
[COMMAND_TEXT_END]
