[MAPDATA_TEXT_OUTPUT]
MAPDATA_EXIST=1
TILESET_ID=5
MAP_WIDTH=25
MAP_HEIGHT=15
MAPLAYER=3
[--MAP_START--]
[MAPLAYER_1_START]
304444,304444,304444,304444,304444,304444,304444,304444,304444,304444,304444,304444,304444,304444,304444,304444,304444,304444,304444,304444,304444,304444,304444,304444,304444,
304444,304444,304444,304444,304444,304444,304444,304444,304444,304444,304444,304444,304444,304444,304444,304444,304444,304444,304444,304444,304444,304444,304444,304444,304444,
304444,304444,304444,304444,304444,304444,304444,304444,304444,304444,304444,304444,304444,304444,304444,304444,304444,304444,304444,304443,304422,304422,304434,304444,304444,
304444,304443,304422,304422,304422,304422,304422,304422,304422,304422,304422,304422,304422,304422,304422,304422,304422,304422,304422,304120,435,435,301402,304434,304444,
304444,304141,420,420,404,419,404,420,420,420,420,404,419,404,420,420,420,420,420,404,435,435,404,301414,304444,
304444,304141,428,428,412,427,412,428,428,428,428,412,427,412,428,428,428,428,428,412,435,435,412,301414,304444,
304444,304141,397,397,397,397,397,397,397,397,397,397,397,397,397,397,397,397,397,397,397,397,397,301414,304444,
304444,304141,397,397,397,397,397,397,397,397,397,397,397,397,397,397,397,397,397,397,397,397,397,301414,304444,
304444,304344,302244,302244,302244,397,302244,302244,302244,302244,302244,302244,397,302244,302244,302244,302244,302244,302244,302244,302244,302244,302244,303444,304444,
304444,304444,304444,304444,304344,302244,303444,304444,304444,304444,304444,304344,302244,303444,304444,304444,304444,304444,304444,304444,304444,304444,304444,304444,304444,
304444,304444,304444,304444,304444,304444,304444,304444,304444,304444,304444,304444,304444,304444,304444,304444,304444,304444,304444,304444,304444,304444,304444,304444,304444,
304444,304444,304444,304444,304444,304444,304444,304444,304444,304444,304444,304444,304444,304444,304444,304444,304444,304444,304444,304444,304444,304444,304444,304444,304444,
304444,304444,304444,304444,304444,304444,304444,304444,304444,304444,304444,304444,304444,304444,304444,304444,304444,304444,304444,304444,304444,304444,304444,304444,304444,
304444,304444,304444,304444,304444,304444,304444,304444,304444,304444,304444,304444,304444,304444,304444,304444,304444,304444,304444,304444,304444,304444,304444,304444,304444,
304444,304444,304444,304444,304444,304444,304444,304444,304444,304444,304444,304444,304444,304444,304444,304444,304444,304444,304444,304444,304444,304444,304444,304444,304444,
[MAPLAYER_1_END]
[MAPLAYER_2_START]
104444,104444,104444,104444,104444,104444,104444,104444,104444,104444,104444,104444,104444,104444,104444,104444,104444,104444,104444,104444,104444,104444,104444,104444,104444,
104444,104444,104444,104444,104444,104444,104444,104444,104444,104444,104444,104444,104444,104444,104444,104444,104444,104444,104444,104444,104444,104444,104444,104444,104444,
104444,104444,104444,104444,104444,104444,104444,104444,104444,104444,104444,104444,104444,104444,104444,104444,104444,104444,104444,104444,104444,104444,104444,104444,104444,
104444,104443,104422,104422,104422,104433,104422,104422,104422,104422,104422,104422,104433,104422,104422,104422,104422,104422,104422,104422,104434,104444,104444,104444,104444,
104444,104141,529,530,529,101111,529,530,529,530,529,530,101111,530,529,530,529,530,529,530,101414,104444,104444,104444,104444,
104444,104344,102244,102244,102244,103344,102244,102041,561,100214,102244,102244,103344,102244,102041,561,100214,102244,102244,102244,103444,104444,104444,104444,104444,
104444,104444,104444,104444,104444,104444,104444,104344,102244,103444,104444,104444,104444,104444,104344,102244,103444,104444,104444,104444,104444,104444,104444,104444,104444,
104444,104444,104444,104444,104443,104422,104434,104444,104444,104444,104444,104443,104422,104434,104444,104444,104444,104444,104444,104444,104444,104444,104444,104444,104444,
104444,104444,104444,104443,104120,492,101402,104434,104444,104444,104443,104120,492,101402,104434,104444,104444,104444,104444,104444,104444,104444,104444,104444,104444,
104444,104444,104444,104141,84,84,84,101414,104444,104444,104141,84,84,84,101414,104444,104444,104444,104444,104444,104444,104444,104444,104444,104444,
104444,104444,104444,104344,102244,102244,102244,103444,104444,104444,104344,102244,102244,102244,103444,104444,104444,104444,104444,104444,104444,104444,104444,104444,104444,
104444,104444,104444,104444,104444,104444,104444,104444,104444,104444,104444,104444,104444,104444,104444,104444,104444,104444,104444,104444,104444,104444,104444,104444,104444,
104444,104444,104444,104444,104444,104444,104444,104444,104444,104444,104444,104444,104444,104444,104444,104444,104444,104444,104444,104444,104444,104444,104444,104444,104444,
104444,104444,104444,104444,104444,104444,104444,104444,104444,104444,104444,104444,104444,104444,104444,104444,104444,104444,104444,104444,104444,104444,104444,104444,104444,
104444,104444,104444,104444,104444,104444,104444,104444,104444,104444,104444,104444,104444,104444,104444,104444,104444,104444,104444,104444,104444,104444,104444,104444,104444,
[MAPLAYER_2_END]
[MAPLAYER_3_START]
100000,100000,100000,100000,100000,100000,100000,100000,100000,100000,100000,100000,100000,100000,100000,100000,100000,100000,100000,100000,100000,100000,100000,100000,100000,
100000,100000,100000,100000,100000,100000,100000,100000,100000,100000,100000,100000,100000,100000,100000,100000,100000,100000,100000,100000,100000,100000,100000,100000,100000,
100000,100000,100000,100000,100000,100000,100000,100000,100000,100000,100000,100000,100000,100000,100000,100000,100000,100000,100000,100000,100000,100000,100000,100000,100000,
100000,100000,100000,100000,100000,100000,100000,100000,100000,100000,100000,100000,100000,100000,100000,100000,100000,100000,100000,100000,100000,100000,100000,100000,100000,
100000,100000,100000,100000,100000,100000,100000,100000,100000,100000,100000,100000,100000,100000,100000,100000,100000,100000,100000,100000,100000,100000,100000,100000,100000,
100000,100000,100000,100000,100000,100000,100000,100000,100000,100000,100000,100000,100000,100000,100000,100000,100000,100000,100000,100000,100000,100000,100000,100000,100000,
100000,100000,100000,100000,100000,100000,100000,100000,100000,100000,100000,100000,100000,100000,100000,100000,100000,100000,100000,100000,100000,100000,100000,100000,100000,
100000,100000,100000,100000,100000,100000,100000,100000,100000,100000,100000,100000,100000,100000,100000,100000,100000,100000,100000,100000,100000,100000,100000,100000,100000,
100000,100000,100000,100000,100000,100000,100000,100000,100000,100000,100000,100000,100000,100000,100000,100000,100000,100000,100000,100000,100000,100000,100000,100000,100000,
100000,100000,100000,100000,100000,100000,100000,100000,100000,100000,100000,100000,100000,100000,100000,100000,100000,100000,100000,100000,100000,100000,100000,100000,100000,
100000,100000,100000,100000,100000,100000,100000,100000,100000,100000,100000,100000,100000,100000,100000,100000,100000,100000,100000,100000,100000,100000,100000,100000,100000,
100000,100000,100000,100000,100000,100000,100000,100000,100000,100000,100000,100000,100000,100000,100000,100000,100000,100000,100000,100000,100000,100000,100000,100000,100000,
100000,100000,100000,100000,100000,100000,100000,100000,100000,100000,100000,100000,100000,100000,100000,100000,100000,100000,100000,100000,100000,100000,100000,100000,100000,
100000,100000,100000,100000,100000,100000,100000,100000,100000,100000,100000,100000,100000,100000,100000,100000,100000,100000,100000,100000,100000,100000,100000,100000,100000,
100000,100000,100000,100000,100000,100000,100000,100000,100000,100000,100000,100000,100000,100000,100000,100000,100000,100000,100000,100000,100000,100000,100000,100000,100000,
[MAPLAYER_3_END]
[--MAP_END--]
----------
[EVENTDATA_TEXT_OUTPUT]
EVENT_NUM=0
