[MAPDATA_TEXT_OUTPUT]
MAPDATA_EXIST=1
TILESET_ID=5
MAP_WIDTH=20
MAP_HEIGHT=15
MAPLAYER=3
[--MAP_START--]
[MAPLAYER_1_START]
100000,100000,100000,100000,100000,100000,100000,100000,100000,100000,100000,100000,100000,100000,100000,100000,100000,100000,100000,100000,
100000,100000,100000,100000,100000,100000,100000,100000,100000,100000,100000,100000,100000,100000,100000,100000,100000,100000,100000,100000,
100000,100000,100000,100000,100000,100000,100000,100000,100000,100000,100000,100000,100000,100000,100000,100000,100000,100000,100000,100000,
100000,100000,100000,100000,100000,100000,100000,100000,100000,100000,100000,100000,100000,100000,100000,100000,100000,100000,100000,100000,
100000,100000,100000,100000,100000,100000,100000,100000,100000,100000,100000,100000,100000,100000,100000,100000,100000,100000,100000,100000,
100000,100000,100000,100000,100000,100000,100000,100000,100000,100000,100000,100000,100000,100000,100000,100000,100000,100000,100000,100000,
100000,100000,100000,100000,100000,100000,100000,100000,100000,100000,100000,100000,100000,100000,100000,100000,100000,100000,100000,100000,
100000,100000,100000,100000,100000,100000,100000,100000,100000,100000,100000,100000,100000,100000,100000,100000,100000,100000,100000,100000,
100000,100000,100000,100000,100000,100000,100000,100000,100000,100000,100000,100000,100000,100000,100000,100000,100000,100000,100000,100000,
100000,100000,100000,100000,100000,100000,100000,100000,100000,100000,100000,100000,100000,100000,100000,100000,100000,100000,100000,100000,
100000,100000,100000,100000,100000,100000,100000,100000,100000,100000,100000,100000,100000,100000,100000,100000,100000,100000,100000,100000,
100000,100000,100000,100000,100000,100000,100000,100000,100000,100000,100000,100000,100000,100000,100000,100000,100000,100000,100000,100000,
100000,100000,100000,100000,100000,100000,100000,100000,100000,100000,100000,100000,100000,100000,100000,100000,100000,100000,100000,100000,
100000,100000,100000,100000,100000,100000,100000,100000,100000,100000,100000,100000,100000,100000,100000,100000,100000,100000,100000,100000,
100000,100000,100000,100000,100000,100000,100000,100000,100000,100000,100000,100000,100000,100000,100000,100000,100000,100000,100000,100000,
[MAPLAYER_1_END]
[MAPLAYER_2_START]
304444,304444,304444,304444,304444,304444,304444,304444,304444,304444,304444,304444,304444,304444,304444,304444,304444,304444,304444,304444,
304444,304444,304444,304444,304444,304443,304422,304422,304422,304422,304422,304422,304422,304434,304444,304444,304444,304444,304444,304444,
304444,304444,304444,304444,304444,304141,420,404,420,420,420,420,404,301414,304444,304444,304444,304444,304444,304444,
304444,304444,304444,304444,304444,304141,413,419,421,421,421,421,405,301414,304444,304444,304444,304444,304444,304444,
304444,304444,304444,304444,304444,304141,428,427,428,428,428,428,412,301414,304444,304444,304444,304444,304444,304444,
304444,304444,304444,304444,304444,304141,397,397,397,397,397,397,397,301414,304444,304444,304444,304444,304444,304444,
304444,304444,304444,304444,304444,304141,397,397,397,397,397,397,397,301414,304444,304444,304444,304444,304444,304444,
304444,304444,304444,304444,304444,304141,397,397,397,397,397,397,397,301414,304444,304444,304444,304444,304444,304444,
304444,304444,304444,304444,304444,304141,397,397,397,397,397,397,397,301414,304444,304444,304444,304444,304444,304444,
304444,304444,304444,304444,304444,304141,397,397,397,397,397,397,397,301414,304444,304444,304444,304444,304444,304444,
304444,304444,304444,304444,304444,304141,397,397,397,397,397,397,397,301414,304444,304444,304444,304444,304444,304444,
304444,304444,304444,304444,304444,304344,302244,302244,302244,302244,302244,302244,302244,303444,304444,304444,304444,304444,304444,304444,
304444,304444,304444,304444,304444,304444,304444,304444,304444,304444,304444,304444,304444,304444,304444,304444,304444,304444,304444,304444,
304444,304444,304444,304444,304444,304444,304444,304444,304444,304444,304444,304444,304444,304444,304444,304444,304444,304444,304444,304444,
304444,304444,304444,304444,304444,304444,304444,304444,304444,304444,304444,304444,304444,304444,304444,304444,304444,304444,304444,304444,
[MAPLAYER_2_END]
[MAPLAYER_3_START]
100000,100000,100000,100000,100000,100000,100000,100000,100000,100000,100000,100000,100000,100000,100000,100000,100000,100000,100000,100000,
100000,100000,100000,100000,100000,104443,104422,104422,104422,104422,104422,104422,104422,104434,100000,100000,100000,100000,100000,100000,
100000,100000,100000,100000,100000,104141,529,530,529,530,529,530,529,101414,100000,100000,100000,100000,100000,100000,
100000,100000,100000,100000,100000,104344,102244,102244,102041,610,100011,610,100202,103434,100000,100000,100000,100000,100000,100000,
100000,100000,100000,100000,100000,100000,100000,100000,104344,102244,103344,102041,554,101414,100000,100000,100000,100000,100000,100000,
100000,100000,100000,100000,100000,100000,100000,100000,100000,100000,100000,104344,102244,103444,100000,100000,100000,100000,100000,100000,
100000,100000,100000,100000,100000,100000,100000,100000,100000,100000,100000,100000,100000,100000,100000,100000,100000,100000,100000,100000,
100000,100000,100000,100000,100000,100000,100000,100000,100000,100000,100000,100000,100000,100000,100000,100000,100000,100000,100000,100000,
100000,100000,100000,100000,100000,104443,104422,104422,104434,100000,100000,100000,100000,100000,100000,100000,100000,100000,100000,100000,
100000,100000,100000,100000,100000,104141,627,628,101414,100000,100000,104443,104422,104434,100000,100000,100000,100000,100000,100000,
100000,100000,100000,100000,100000,104141,635,636,101414,100000,100000,104141,573,101414,100000,100000,100000,100000,100000,100000,
100000,100000,100000,100000,100000,104344,102244,102244,103444,100000,100000,104344,102244,103444,100000,100000,100000,100000,100000,100000,
100000,100000,100000,100000,100000,100000,100000,100000,100000,100000,100000,100000,100000,100000,100000,100000,100000,100000,100000,100000,
100000,100000,100000,100000,100000,100000,100000,100000,100000,100000,100000,100000,100000,100000,100000,100000,100000,100000,100000,100000,
100000,100000,100000,100000,100000,100000,100000,100000,100000,100000,100000,100000,100000,100000,100000,100000,100000,100000,100000,100000,
[MAPLAYER_3_END]
[--MAP_END--]
----------
[EVENTDATA_TEXT_OUTPUT]
EVENT_NUM=0
