[MAPDATA_TEXT_OUTPUT]
MAPDATA_EXIST=1
TILESET_ID=8
MAP_WIDTH=40
MAP_HEIGHT=23
MAPLAYER=3
[--MAP_START--]
[MAPLAYER_1_START]
404444,404444,404444,404444,404444,404444,404444,404444,404444,404444,404444,404444,404444,404444,404444,404444,404444,404444,404444,404444,404444,404444,404444,404444,404444,404444,404444,404444,404444,404444,404444,404444,404444,404444,404444,404444,404444,404444,404444,404444,
404444,404444,404444,404444,404444,404443,404422,404422,404422,404422,404422,404434,404444,404444,404444,404444,404444,404444,404444,404444,404444,404444,404444,404444,404444,404444,404444,404444,404443,404422,404422,404422,404422,404422,404434,404444,404444,404444,404444,404444,
404444,404444,404444,404444,404444,404141,3509,3506,3507,3508,3509,401414,404444,404444,404444,404444,404444,404444,404444,404444,404444,404444,404444,404444,404444,404444,404444,404444,404141,3509,3506,3507,3508,3509,401414,404444,404444,404444,404444,404444,
404444,404444,404444,404444,404444,404141,3517,3514,3515,3516,3517,401414,404444,404444,404444,404444,404444,404444,404444,404444,404444,404444,404444,404444,404444,404444,404444,404444,404141,3517,3514,3515,3516,3517,401414,404444,404444,404444,404444,404444,
404444,404444,404444,404444,404444,404141,3525,3522,3523,3524,3525,401414,404444,404444,404444,404444,404444,404444,404444,404444,404444,404444,404444,404444,404444,404444,404444,404444,404141,3525,3522,3523,3524,3525,401414,404444,404444,404444,404444,404444,
404444,404444,404444,404444,404444,404141,3252,3252,3252,3252,3252,401414,404444,404444,404444,404444,404444,404444,404444,404444,404444,404444,404444,404444,404444,404444,404444,404444,404141,3244,3244,3244,3244,3244,401414,404444,404444,404444,404444,404444,
404444,404444,404444,404444,404444,404141,3252,3252,3252,3252,3252,401414,404444,404444,404444,404444,404444,404444,404444,404444,404444,404444,404444,404444,404444,404444,404444,404444,404141,3244,3244,3244,3244,3244,401414,404444,404444,404444,404444,404444,
404444,404444,404444,404444,404444,404141,3252,3252,3252,3252,3252,401414,404444,404444,404444,404444,404444,404444,404444,404444,404444,404444,404444,404444,404444,404444,404444,404444,404141,3244,3244,3244,3244,3244,401414,404444,404444,404444,404444,404444,
404444,404444,404444,404444,404444,404141,3252,3252,3252,3252,3252,401414,404444,404444,404444,404444,404444,404444,404444,404444,404444,404444,404444,404444,404444,404444,404444,404444,404141,3244,3244,3244,3244,3244,401414,404444,404444,404444,404444,404444,
404444,404444,404444,404444,404444,404141,3252,3252,3252,3252,3252,401414,404444,404444,404444,404444,404444,404444,404444,404444,404444,404444,404444,404444,404444,404444,404444,404444,404141,3244,3244,3244,3244,3244,401414,404444,404444,404444,404444,404444,
404444,404444,404444,404444,404444,404141,3252,3252,3252,3252,3252,401414,404444,404444,404444,404444,404444,404444,404444,404444,404444,404444,404444,404444,404444,404444,404444,404444,404141,3244,3244,3244,3244,3244,401414,404444,404444,404444,404444,404444,
404444,404444,404444,404444,404444,404141,3252,3252,3252,3252,3252,401414,404444,404444,404444,404444,404444,404444,404444,404444,404444,404444,404444,404444,404444,404444,404444,404444,404141,3244,3244,3244,3244,3244,401414,404444,404444,404444,404444,404444,
404444,404444,404444,404444,404444,404141,3252,3252,3252,3252,3252,401414,404444,404444,404444,404444,404444,404444,404444,404444,404444,404444,404444,404444,404444,404444,404444,404444,404141,3244,3244,3244,3244,3244,401414,404444,404444,404444,404444,404444,
404444,404444,404444,404444,404444,404141,3252,3252,3252,3252,3252,401414,404444,404444,404444,404444,404444,404444,404444,404444,404444,404444,404444,404444,404444,404444,404444,404444,404141,3244,3244,3244,3244,3244,401414,404444,404444,404444,404444,404444,
404444,404444,404444,404444,404444,404141,3252,3252,3252,3252,3252,401414,404444,404444,404444,404444,404444,404444,404444,404444,404444,404444,404444,404444,404444,404444,404444,404444,404141,3244,3244,3244,3244,3244,401414,404444,404444,404444,404444,404444,
404444,404444,404444,404444,404444,404344,402244,402244,402041,3252,3252,401414,404444,404444,404444,404444,404444,404444,404444,404444,404444,404444,404444,404444,404444,404444,404444,404444,404141,3243,3243,400214,402244,402244,403444,404444,404444,404444,404444,404444,
404444,404444,404444,404444,404444,404443,404422,404422,404120,3252,3252,401414,404444,404444,404444,404444,404444,404444,404444,404444,404444,404444,404444,404444,404444,404444,404444,404444,404141,3243,3243,401402,404422,404422,404434,404444,404444,404444,404444,404444,
404444,404444,404444,404444,404444,404141,1553,1553,1553,3252,3252,401414,404444,404444,404444,404444,404444,404444,404444,404444,404444,404444,404444,404444,404444,404444,404444,404444,404141,3244,3244,1553,1553,1553,401414,404444,404444,404444,404444,404444,
404444,404444,404444,404444,404444,404141,1561,1561,1561,3252,3252,401414,404444,404444,404444,404444,404444,404444,404444,404444,404444,404444,404444,404444,404444,404444,404444,404444,404141,3244,3244,1561,1561,1561,401414,404444,404444,404444,404444,404444,
404444,404444,404444,404444,404444,404141,3252,3252,3252,3252,3252,401414,404444,404444,404444,404444,404444,404444,404444,404444,404444,404444,404444,404444,404444,404444,404444,404444,404141,3244,3244,3244,3244,3244,401414,404444,404444,404444,404444,404444,
404444,404444,404444,404444,404444,404141,3252,3252,3252,3252,3252,401414,404444,404444,404444,404444,404444,404444,404444,404444,404444,404444,404444,404444,404444,404444,404444,404444,404141,3244,3244,3244,3244,3244,401414,404444,404444,404444,404444,404444,
404444,404444,404444,404444,404444,404141,3252,400214,402244,402244,402244,403444,404444,404444,404444,404444,404444,404444,404444,404444,404444,404444,404444,404444,404444,404444,404444,404444,404344,402244,402244,402244,402041,3244,401414,404444,404444,404444,404444,404444,
404444,404444,404444,404444,404444,404141,3252,401414,404444,404444,404444,404444,404444,404444,404444,404444,404444,404444,404444,404444,404444,404444,404444,404444,404444,404444,404444,404444,404444,404444,404444,404444,404141,3244,401414,404444,404444,404444,404444,404444,
[MAPLAYER_1_END]
[MAPLAYER_2_START]
100000,100000,100000,100000,100000,100000,100000,100000,100000,100000,100000,100000,100000,100000,100000,100000,100000,100000,100000,100000,100000,100000,100000,100000,100000,100000,100000,100000,100000,100000,100000,100000,100000,100000,100000,100000,100000,100000,100000,100000,
100000,100000,100000,100000,100000,100000,100000,100000,100000,100000,100000,100000,100000,100000,100000,100000,100000,100000,100000,100000,100000,100000,100000,100000,100000,100000,100000,100000,100000,100000,100000,100000,100000,100000,100000,100000,100000,100000,100000,100000,
100000,100000,100000,100000,100000,104443,104422,104422,104434,100000,100000,100000,100000,100000,100000,100000,100000,100000,100000,100000,100000,100000,100000,100000,100000,100000,100000,100000,104443,104422,104422,104433,104422,104422,104434,100000,100000,100000,100000,100000,
100000,100000,100000,100000,100000,104141,3712,3713,101414,100000,100000,100000,100000,100000,100000,100000,100000,100000,100000,100000,100000,100000,100000,100000,100000,100000,100000,100000,104141,3712,3713,101111,3714,3715,101414,100000,100000,100000,100000,100000,
100000,100000,100000,100000,100000,104141,3720,3721,101414,104443,104422,104434,100000,100000,100000,100000,100000,100000,100000,100000,100000,100000,100000,100000,100000,100000,100000,100000,104141,3720,3721,101111,3722,3723,101414,100000,100000,100000,100000,100000,
100000,100000,100000,100000,100000,104141,3728,3729,101414,104141,3716,101414,100000,100000,100000,100000,100000,100000,100000,100000,100000,100000,100000,100000,100000,100000,100000,100000,104141,3728,3729,101111,3730,3731,101414,100000,100000,100000,100000,100000,
100000,100000,100000,100000,100000,104141,3736,3737,101414,104141,3724,101414,100000,100000,100000,100000,100000,100000,100000,100000,100000,100000,100000,100000,100000,100000,100000,100000,104141,3736,3737,101111,3738,3739,101414,100000,100000,100000,100000,100000,
100000,100000,100000,100000,100000,104141,3712,3713,101414,104141,3732,101414,100000,100000,100000,100000,100000,100000,100000,100000,100000,100000,100000,100000,100000,100000,100000,100000,104141,3712,3713,101111,3714,3715,101414,100000,100000,100000,100000,100000,
100000,100000,100000,100000,100000,104141,3720,3721,101414,104141,3740,101414,100000,100000,100000,100000,100000,100000,100000,100000,100000,100000,100000,100000,100000,100000,100000,100000,104141,3720,3721,101111,3722,3723,101414,100000,100000,100000,100000,100000,
100000,100000,100000,100000,100000,104141,3728,3729,101414,104141,3748,101414,100000,100000,100000,100000,100000,100000,100000,100000,100000,100000,100000,100000,100000,100000,100000,100000,104141,3728,3729,101111,3730,3731,101414,100000,100000,100000,100000,100000,
100000,100000,100000,100000,100000,104141,3736,3737,101414,104141,3716,101414,100000,100000,100000,100000,100000,100000,100000,100000,100000,100000,100000,100000,100000,100000,100000,100000,104141,3736,3737,101111,3738,3739,101414,100000,100000,100000,100000,100000,
100000,100000,100000,100000,100000,104141,3744,3745,101414,104141,3724,101414,100000,100000,100000,100000,100000,100000,100000,100000,100000,100000,100000,100000,100000,100000,100000,100000,104141,3744,3745,101111,3714,3715,101414,100000,100000,100000,100000,100000,
100000,100000,100000,100000,100000,104141,3752,3753,101414,104141,3732,101414,100000,100000,100000,100000,100000,100000,100000,100000,100000,100000,100000,100000,100000,100000,100000,100000,104141,3752,3753,101111,3722,3723,101414,100000,100000,100000,100000,100000,
100000,100000,100000,100000,100000,104344,102244,102244,103444,104141,3740,101414,100000,100000,100000,100000,100000,100000,100000,100000,100000,100000,100000,100000,100000,100000,100000,100000,104344,102244,102244,103141,3730,3731,101414,100000,100000,100000,100000,100000,
100000,100000,100000,100000,100000,100000,100000,100000,100000,104141,3748,101414,100000,100000,100000,100000,100000,100000,100000,100000,100000,100000,100000,100000,100000,100000,100000,100000,100000,100000,100000,104141,3738,3739,101414,100000,100000,100000,100000,100000,
100000,100000,100000,100000,100000,100000,100000,100000,100000,104344,102244,103444,100000,100000,100000,100000,100000,100000,100000,100000,100000,100000,100000,100000,100000,100000,100000,100000,100000,100000,100000,104344,102244,102244,103444,100000,100000,100000,100000,100000,
100000,100000,100000,100000,100000,104443,104422,104422,104422,104434,100000,100000,100000,100000,100000,100000,100000,100000,100000,100000,100000,100000,100000,100000,100000,100000,100000,100000,100000,100000,104443,104422,104422,104422,104434,100000,100000,100000,100000,100000,
100000,100000,100000,100000,100000,104141,3584,3585,3586,101414,100000,100000,100000,100000,100000,100000,100000,100000,100000,100000,100000,100000,100000,100000,100000,100000,100000,100000,100000,100000,104141,3584,3585,3586,101414,100000,100000,100000,100000,100000,
100000,100000,100000,100000,100000,104141,3592,3593,3594,101414,100000,100000,100000,100000,100000,100000,100000,100000,100000,100000,100000,100000,100000,100000,100000,100000,100000,100000,100000,100000,104141,3592,3593,3594,101414,100000,100000,100000,100000,100000,
100000,100000,100000,100000,100000,104141,3255,3255,3255,101414,100000,100000,100000,100000,100000,100000,100000,100000,100000,100000,100000,100000,100000,100000,100000,100000,100000,100000,100000,100000,104344,102244,102244,102244,103444,100000,100000,100000,100000,100000,
100000,100000,100000,100000,100000,104344,102244,102244,102244,103444,100000,100000,100000,100000,100000,100000,100000,100000,100000,100000,100000,100000,100000,100000,100000,100000,100000,100000,100000,100000,100000,100000,100000,100000,100000,100000,100000,100000,100000,100000,
100000,100000,100000,100000,100000,100000,100000,100000,100000,100000,100000,100000,100000,100000,100000,100000,100000,100000,100000,100000,100000,100000,100000,100000,100000,100000,100000,100000,100000,100000,100000,100000,100000,100000,100000,100000,100000,100000,100000,100000,
100000,100000,100000,100000,100000,100000,100000,100000,100000,100000,100000,100000,100000,100000,100000,100000,100000,100000,100000,100000,100000,100000,100000,100000,100000,100000,100000,100000,100000,100000,100000,100000,100000,100000,100000,100000,100000,100000,100000,100000,
[MAPLAYER_2_END]
[MAPLAYER_3_START]
100000,100000,100000,100000,100000,100000,100000,100000,100000,100000,100000,100000,100000,100000,100000,100000,100000,100000,100000,100000,100000,100000,100000,100000,100000,100000,100000,100000,100000,100000,100000,100000,100000,100000,100000,100000,100000,100000,100000,100000,
100000,100000,100000,100000,100000,100000,100000,100000,100000,100000,100000,100000,100000,100000,100000,100000,100000,100000,100000,100000,100000,100000,100000,100000,100000,100000,100000,100000,100000,100000,100000,100000,100000,100000,100000,100000,100000,100000,100000,100000,
100000,100000,100000,100000,100000,100000,100000,100000,100000,100000,100000,100000,100000,100000,100000,100000,100000,100000,100000,100000,100000,100000,100000,100000,100000,100000,100000,100000,100000,100000,100000,100000,100000,100000,100000,100000,100000,100000,100000,100000,
100000,100000,100000,100000,100000,100000,104443,104422,104434,100000,100000,100000,100000,100000,100000,100000,100000,100000,100000,100000,100000,100000,100000,100000,100000,100000,100000,100000,100000,104443,104422,104433,104422,104434,100000,100000,100000,100000,100000,100000,
100000,100000,100000,100000,100000,100000,104141,3729,101414,100000,100000,100000,100000,100000,100000,100000,100000,100000,100000,100000,100000,100000,100000,100000,100000,100000,100000,100000,100000,104141,3729,101111,3730,101414,100000,100000,100000,100000,100000,100000,
100000,100000,100000,100000,100000,100000,104344,102244,103444,100000,100000,100000,100000,100000,100000,100000,100000,100000,100000,100000,100000,100000,100000,100000,100000,100000,100000,100000,100000,104344,102244,103344,102244,103444,100000,100000,100000,100000,100000,100000,
100000,100000,100000,100000,100000,100000,100000,100000,100000,100000,100000,100000,100000,100000,100000,100000,100000,100000,100000,100000,100000,100000,100000,100000,100000,100000,100000,100000,100000,100000,100000,100000,100000,100000,100000,100000,100000,100000,100000,100000,
100000,100000,100000,100000,100000,100000,104443,104422,104434,100000,100000,100000,100000,100000,100000,100000,100000,100000,100000,100000,100000,100000,100000,100000,100000,100000,100000,100000,100000,104443,104422,104433,104422,104434,100000,100000,100000,100000,100000,100000,
100000,100000,100000,100000,100000,100000,104141,3729,101414,100000,100000,100000,100000,100000,100000,100000,100000,100000,100000,100000,100000,100000,100000,100000,100000,100000,100000,100000,100000,104141,3729,101111,3730,101414,100000,100000,100000,100000,100000,100000,
100000,100000,100000,100000,100000,100000,104344,102244,103444,100000,100000,100000,100000,100000,100000,100000,100000,100000,100000,100000,100000,100000,100000,100000,100000,100000,100000,100000,100000,104344,102244,103344,102244,103444,100000,100000,100000,100000,100000,100000,
100000,100000,100000,100000,100000,100000,100000,100000,100000,100000,100000,100000,100000,100000,100000,100000,100000,100000,100000,100000,100000,100000,100000,100000,100000,100000,100000,100000,100000,100000,100000,100000,100000,100000,100000,100000,100000,100000,100000,100000,
100000,100000,100000,100000,100000,100000,100000,100000,100000,100000,100000,100000,100000,100000,100000,100000,100000,100000,100000,100000,100000,100000,100000,100000,100000,100000,100000,100000,100000,100000,100000,104443,104422,104434,100000,100000,100000,100000,100000,100000,
100000,100000,100000,100000,100000,100000,100000,100000,100000,100000,100000,100000,100000,100000,100000,100000,100000,100000,100000,100000,100000,100000,100000,100000,100000,100000,100000,100000,100000,100000,100000,104141,3730,101414,100000,100000,100000,100000,100000,100000,
100000,100000,100000,100000,100000,100000,100000,100000,100000,100000,100000,100000,100000,100000,100000,100000,100000,100000,100000,100000,100000,100000,100000,100000,100000,100000,100000,100000,100000,100000,100000,104344,102244,103444,100000,100000,100000,100000,100000,100000,
100000,100000,100000,100000,100000,100000,100000,100000,100000,100000,100000,100000,100000,100000,100000,100000,100000,100000,100000,100000,100000,100000,100000,100000,100000,100000,100000,100000,100000,100000,100000,100000,100000,100000,100000,100000,100000,100000,100000,100000,
100000,100000,100000,100000,100000,100000,100000,100000,100000,100000,100000,100000,100000,100000,100000,100000,100000,100000,100000,100000,100000,100000,100000,100000,100000,100000,100000,100000,100000,100000,100000,100000,100000,100000,100000,100000,100000,100000,100000,100000,
100000,100000,100000,100000,100000,100000,100000,100000,100000,100000,100000,100000,100000,100000,100000,100000,100000,100000,100000,100000,100000,100000,100000,100000,100000,100000,100000,100000,100000,100000,100000,100000,100000,100000,100000,100000,100000,100000,100000,100000,
100000,100000,100000,100000,100000,100000,100000,100000,100000,100000,100000,100000,100000,100000,100000,100000,100000,100000,100000,100000,100000,100000,100000,100000,100000,100000,100000,100000,100000,100000,100000,100000,100000,100000,100000,100000,100000,100000,100000,100000,
100000,100000,100000,100000,100000,100000,100000,100000,100000,100000,100000,100000,100000,100000,100000,100000,100000,100000,100000,100000,100000,100000,100000,100000,100000,100000,100000,100000,100000,100000,100000,100000,100000,100000,100000,100000,100000,100000,100000,100000,
100000,100000,100000,100000,100000,100000,100000,100000,100000,100000,100000,100000,100000,100000,100000,100000,100000,100000,100000,100000,100000,100000,100000,100000,100000,100000,100000,100000,100000,100000,100000,100000,100000,100000,100000,100000,100000,100000,100000,100000,
100000,100000,100000,100000,100000,100000,100000,100000,100000,100000,100000,100000,100000,100000,100000,100000,100000,100000,100000,100000,100000,100000,100000,100000,100000,100000,100000,100000,100000,100000,100000,100000,100000,100000,100000,100000,100000,100000,100000,100000,
100000,100000,100000,100000,100000,100000,100000,100000,100000,100000,100000,100000,100000,100000,100000,100000,100000,100000,100000,100000,100000,100000,100000,100000,100000,100000,100000,100000,100000,100000,100000,100000,100000,100000,100000,100000,100000,100000,100000,100000,
100000,100000,100000,100000,100000,100000,100000,100000,100000,100000,100000,100000,100000,100000,100000,100000,100000,100000,100000,100000,100000,100000,100000,100000,100000,100000,100000,100000,100000,100000,100000,100000,100000,100000,100000,100000,100000,100000,100000,100000,
[MAPLAYER_3_END]
[--MAP_END--]
----------
[EVENTDATA_TEXT_OUTPUT]
EVENT_NUM=2
-----
EVENT_ID=0
EVENT_NAME=
EVENT_X=6
EVENT_Y=22
EVENT_PAGE=1
OPTION_DATA_NUM=0
EVENT_PAGE_NUM=1
EVENT_PAGE=0
EVENT_TILE_ID=-1
GRAPHIC_FILENAME=
EVENT_DIRECTION=2
EVENT_PATTERN=1
EVENT_OPACITY=255
EVENT_BLENDTYPE=0
EVENT_TRIGGER_TYPE=3
EVENT_CONDITION_0_USE=32
EVENT_CONDITION_TARGET_0=1000000
EVENT_CONDITION_VALUE_0=0
EVENT_CONDITION_1_USE=32
EVENT_CONDITION_TARGET_1=1000000
EVENT_CONDITION_VALUE_1=0
EVENT_CONDITION_2_USE=32
EVENT_CONDITION_TARGET_2=1000000
EVENT_CONDITION_VALUE_2=0
EVENT_CONDITION_3_USE=32
EVENT_CONDITION_TARGET_3=1000000
EVENT_CONDITION_VALUE_3=0
ANIME_SPEED=3
MOVE_SPEED=3
MOVE_FREQUENCY=3
MOVE_TYPE=0
CHARA_OPTION_FLAG=35
ROUTE_OPTION_FLAG=2
ROUTE_COMMAND_NUM=0
OPTION_VAL_NUM=3
OPTION_VAL_0=0
OPTION_VAL_1=0
OPTION_VAL_2=0
COMMAND_NUM=3
--
WoditorEvCOMMAND_START
[140][7,0]<0>(3616,0,0,0,0,0,0)()
[130][5,0]<0>(-1,23,6,36,32)()
[0][0,0]<0>()()
WoditorEvCOMMAND_END
--
[COMMAND_TEXT_START]
■サウンド：SE14「ドア開け1」(0 ﾁｬﾝﾈﾙ) 再生 / 遅延：0ﾌﾚｰﾑ
■場所移動：主人公 ▲マップID36[北舎1F] X:23 Y:6  [ﾄﾗﾝｼﾞｼｮﾝ + 暗転有り]
■
[COMMAND_TEXT_END]
-----
EVENT_ID=1
EVENT_NAME=
EVENT_X=33
EVENT_Y=22
EVENT_PAGE=1
OPTION_DATA_NUM=0
EVENT_PAGE_NUM=1
EVENT_PAGE=0
EVENT_TILE_ID=-1
GRAPHIC_FILENAME=
EVENT_DIRECTION=2
EVENT_PATTERN=1
EVENT_OPACITY=255
EVENT_BLENDTYPE=0
EVENT_TRIGGER_TYPE=3
EVENT_CONDITION_0_USE=32
EVENT_CONDITION_TARGET_0=1000000
EVENT_CONDITION_VALUE_0=0
EVENT_CONDITION_1_USE=32
EVENT_CONDITION_TARGET_1=1000000
EVENT_CONDITION_VALUE_1=0
EVENT_CONDITION_2_USE=32
EVENT_CONDITION_TARGET_2=1000000
EVENT_CONDITION_VALUE_2=0
EVENT_CONDITION_3_USE=32
EVENT_CONDITION_TARGET_3=1000000
EVENT_CONDITION_VALUE_3=0
ANIME_SPEED=3
MOVE_SPEED=3
MOVE_FREQUENCY=3
MOVE_TYPE=0
CHARA_OPTION_FLAG=35
ROUTE_OPTION_FLAG=2
ROUTE_COMMAND_NUM=0
OPTION_VAL_NUM=3
OPTION_VAL_0=0
OPTION_VAL_1=0
OPTION_VAL_2=0
COMMAND_NUM=3
--
WoditorEvCOMMAND_START
[140][7,0]<0>(3616,0,0,0,0,0,0)()
[130][5,0]<0>(-1,25,6,36,32)()
[0][0,0]<0>()()
WoditorEvCOMMAND_END
--
[COMMAND_TEXT_START]
■サウンド：SE14「ドア開け1」(0 ﾁｬﾝﾈﾙ) 再生 / 遅延：0ﾌﾚｰﾑ
■場所移動：主人公 ▲マップID36[北舎1F] X:25 Y:6  [ﾄﾗﾝｼﾞｼｮﾝ + 暗転有り]
■
[COMMAND_TEXT_END]
