[MAPDATA_TEXT_OUTPUT]
MAPDATA_EXIST=1
TILESET_ID=5
MAP_WIDTH=20
MAP_HEIGHT=15
MAPLAYER=3
[--MAP_START--]
[MAPLAYER_1_START]
304444,304444,304444,304444,304444,304443,304422,304422,304422,304422,304434,304444,304444,304444,304444,304444,304444,304444,304444,304444,
304444,304444,304444,304444,304444,304141,404,420,420,404,301414,304444,304444,304444,304444,304444,304444,304444,304444,304444,
304444,304444,304444,304443,304422,304120,412,428,428,412,301402,304422,304422,304422,304422,304422,304434,304444,304444,304444,
304444,304444,304444,304141,420,404,424,424,424,424,404,420,420,420,420,420,301414,304444,304444,304444,
304444,304444,304444,304141,428,412,424,424,424,424,412,428,428,428,428,428,301414,304444,304444,304444,
304444,304444,304444,304141,424,424,424,424,424,424,424,424,424,424,424,424,301414,304444,304444,304444,
304444,304444,304444,304141,424,424,424,424,424,424,424,424,424,424,424,424,301414,304444,304444,304444,
304444,304444,304444,304141,424,424,300214,302244,302244,302244,302244,302244,302244,302244,302244,302244,303444,304444,304444,304444,
304444,304444,304444,304141,435,435,301414,304444,304444,304444,304444,304444,304444,304444,304444,304444,304444,304444,304444,304444,
304444,304444,304444,304141,443,443,301414,304444,304444,304444,304444,304444,304444,304444,304444,304444,304444,304444,304444,304444,
304444,304444,304444,304344,302244,302244,303444,304444,304444,304444,304444,304444,304444,304444,304444,304444,304444,304444,304444,304444,
304444,304444,304444,304444,304444,304444,304444,304444,304444,304444,304444,304444,304444,304444,304444,304444,304444,304444,304444,304444,
304444,304444,304444,304444,304444,304444,304444,304444,304444,304444,304444,304444,304444,304444,304444,304444,304444,304444,304444,304444,
304444,304444,304444,304444,304444,304444,304444,304444,304444,304444,304444,304444,304444,304444,304444,304444,304444,304444,304444,304444,
304444,304444,304444,304444,304444,304444,304444,304444,304444,304444,304444,304444,304444,304444,304444,304444,304444,304444,304444,304444,
[MAPLAYER_1_END]
[MAPLAYER_2_START]
100000,100000,100000,100000,100000,104443,104422,104422,104422,104422,104434,100000,100000,100000,100000,100000,100000,100000,100000,100000,
100000,100000,100000,100000,104444,104141,529,530,529,530,101414,104444,100000,100000,100000,100000,100000,100000,100000,100000,
100000,100000,100000,104443,104422,104322,102233,102222,102234,102243,103422,104422,104422,104422,104422,104422,104434,100000,100000,100000,
100000,100000,100000,104141,529,530,101100,457,101402,104131,529,530,529,530,529,530,101414,100000,100000,100000,
100000,100000,100000,104344,102244,102041,465,466,467,101314,102244,102244,102244,102244,102244,102243,103422,104434,100000,100000,
100000,100000,100000,100000,100000,104344,102244,102244,102244,103444,100000,100000,100000,100000,100000,104141,397,101414,100000,100000,
100000,100000,100000,100000,100000,104444,104444,104444,100000,100000,100000,100000,100000,100000,100000,104141,397,101414,100000,100000,
100000,100000,100000,100000,100000,104444,104444,104444,100000,100000,100000,100000,100000,100000,100000,104344,102244,103444,100000,100000,
100000,100000,100000,100000,100000,104444,104444,104444,100000,100000,100000,100000,100000,100000,100000,100000,100000,100000,100000,100000,
100000,100000,100000,100000,100000,100000,100000,100000,100000,100000,100000,100000,100000,100000,100000,100000,100000,100000,100000,100000,
100000,100000,100000,100000,100000,100000,100000,100000,100000,100000,100000,100000,100000,100000,100000,100000,100000,100000,100000,100000,
100000,100000,100000,100000,100000,100000,100000,100000,100000,100000,100000,100000,100000,100000,100000,100000,100000,100000,100000,100000,
100000,100000,100000,100000,100000,100000,100000,100000,100000,100000,100000,100000,100000,100000,100000,100000,100000,100000,100000,100000,
100000,100000,100000,100000,100000,100000,100000,100000,100000,100000,100000,100000,100000,100000,100000,100000,100000,100000,100000,100000,
100000,100000,100000,100000,100000,100000,100000,100000,100000,100000,100000,100000,100000,100000,100000,100000,100000,100000,100000,100000,
[MAPLAYER_2_END]
[MAPLAYER_3_START]
100000,100000,100000,100000,100000,100000,100000,100000,100000,100000,100000,100000,100000,100000,100000,100000,100000,100000,100000,100000,
100000,100000,100000,100000,100000,100000,100000,100000,100000,100000,100000,100000,100000,100000,100000,100000,100000,100000,100000,100000,
100000,100000,100000,100000,100000,100000,100000,100000,100000,100000,100000,100000,100000,100000,100000,100000,100000,100000,100000,100000,
100000,100000,100000,100000,100000,100000,100000,100000,100000,100000,100000,100000,100000,100000,100000,100000,100000,100000,100000,100000,
100000,100000,100000,100000,100000,100000,100000,100000,100000,100000,100000,100000,100000,100000,100000,104443,104422,104434,100000,100000,
100000,100000,100000,100000,100000,100000,100000,100000,100000,100000,100000,100000,100000,100000,100000,104141,474,101414,100000,100000,
100000,100000,100000,100000,100000,100000,100000,100000,100000,100000,100000,100000,100000,100000,100000,104141,474,101414,100000,100000,
100000,100000,100000,100000,100000,100000,100000,100000,100000,100000,100000,100000,100000,100000,100000,104344,102244,103444,100000,100000,
100000,100000,100000,100000,100000,100000,100000,100000,100000,100000,100000,100000,100000,100000,100000,100000,100000,100000,100000,100000,
100000,100000,100000,100000,100000,100000,100000,100000,100000,100000,100000,100000,100000,100000,100000,100000,100000,100000,100000,100000,
100000,100000,100000,100000,100000,100000,100000,100000,100000,100000,100000,100000,100000,100000,100000,100000,100000,100000,100000,100000,
100000,100000,100000,100000,100000,100000,100000,100000,100000,100000,100000,100000,100000,100000,100000,100000,100000,100000,100000,100000,
100000,100000,100000,100000,100000,100000,100000,100000,100000,100000,100000,100000,100000,100000,100000,100000,100000,100000,100000,100000,
100000,100000,100000,100000,100000,100000,100000,100000,100000,100000,100000,100000,100000,100000,100000,100000,100000,100000,100000,100000,
100000,100000,100000,100000,100000,100000,100000,100000,100000,100000,100000,100000,100000,100000,100000,100000,100000,100000,100000,100000,
[MAPLAYER_3_END]
[--MAP_END--]
----------
[EVENTDATA_TEXT_OUTPUT]
EVENT_NUM=0
