[MAPDATA_TEXT_OUTPUT]
MAPDATA_EXIST=1
TILESET_ID=0
MAP_WIDTH=30
MAP_HEIGHT=30
MAPLAYER=3
[--MAP_START--]
[MAPLAYER_1_START]
4,2,0,2,0,2,0,2,0,2,0,2,0,2,0,2,0,2,0,2,0,2,0,2,0,2,0,2,0,1,
3,3,3,3,3,3,3,3,3,3,3,3,3,3,3,3,3,3,3,3,3,3,3,3,3,3,3,3,3,1,
0,2,0,2,0,2,0,2,0,2,0,2,0,2,0,2,0,2,0,2,0,2,0,2,0,2,0,2,0,1,
3,3,3,3,3,3,3,3,3,3,3,3,3,3,3,3,3,3,3,3,3,3,3,3,3,3,3,3,3,1,
0,2,0,2,0,2,0,2,0,2,0,2,0,2,0,2,0,2,0,2,0,2,0,2,0,2,0,2,0,1,
3,3,3,3,3,3,3,3,3,3,3,3,3,3,3,3,3,3,3,3,3,3,3,3,3,3,3,3,3,1,
0,2,0,2,0,2,0,2,0,2,0,2,0,2,0,2,0,2,0,2,0,2,0,2,0,2,0,2,0,1,
3,3,3,3,3,3,3,3,3,3,3,3,3,3,3,3,3,3,3,3,3,3,3,3,3,3,3,3,3,1,
0,2,0,2,0,2,0,2,0,2,0,2,0,2,0,2,0,2,0,2,0,2,0,2,0,2,0,2,0,1,
3,3,3,3,3,3,3,3,3,3,3,3,3,3,3,3,3,3,3,3,3,3,3,3,3,3,3,3,3,1,
0,2,0,2,0,2,0,2,0,2,0,2,0,2,0,2,0,2,0,2,0,2,0,2,0,2,0,2,0,1,
3,3,3,3,3,3,3,3,3,3,3,3,3,3,3,3,3,3,3,3,3,3,3,3,3,3,3,3,3,1,
0,2,0,2,0,2,0,2,0,2,0,2,0,2,0,2,0,2,0,2,0,2,0,2,0,2,0,2,0,1,
3,3,3,3,3,3,3,3,3,3,3,3,3,3,3,3,3,3,3,3,3,3,3,3,3,3,3,3,3,1,
0,2,0,2,0,2,0,2,0,2,0,2,0,2,0,2,0,2,0,2,0,2,0,2,0,2,0,2,0,1,
3,3,3,3,3,3,3,3,3,3,3,3,3,3,3,3,3,3,3,3,3,3,3,3,3,3,3,3,3,1,
0,2,0,2,0,2,0,2,0,2,0,2,0,2,0,2,0,2,0,2,0,2,0,2,0,2,0,2,0,1,
3,3,3,3,3,3,3,3,3,3,3,3,3,3,3,3,3,3,3,3,3,3,3,3,3,3,3,3,3,1,
0,2,0,2,0,2,0,2,0,2,0,2,0,2,0,2,0,2,0,2,0,2,0,2,0,2,0,2,0,1,
3,3,3,3,3,3,3,3,3,3,3,3,3,3,3,3,3,3,3,3,3,3,3,3,3,3,3,3,3,1,
0,2,0,2,0,2,0,2,0,2,0,2,0,2,0,2,0,2,0,2,0,2,0,2,0,2,0,2,0,1,
3,3,3,3,3,3,3,3,3,3,3,3,3,3,3,3,3,3,3,3,3,3,3,3,3,3,3,3,3,1,
0,2,0,2,0,2,0,2,0,2,0,2,0,2,0,2,0,2,0,2,0,2,0,2,0,2,0,2,0,1,
3,3,3,3,3,3,3,3,3,3,3,3,3,3,3,3,3,3,3,3,3,3,3,3,3,3,3,3,3,1,
0,2,0,2,0,2,0,2,0,2,0,2,0,2,0,2,0,2,0,2,0,2,0,2,0,2,0,2,0,1,
3,3,3,3,3,3,3,3,3,3,3,3,3,3,3,3,3,3,3,3,3,3,3,3,3,3,3,3,3,1,
0,2,0,2,0,2,0,2,0,2,0,2,0,2,0,2,0,2,0,2,0,2,0,2,0,2,0,2,0,1,
3,3,3,3,3,3,3,3,3,3,3,3,3,3,3,3,3,3,3,3,3,3,3,3,3,3,3,3,3,1,
0,2,0,2,0,2,0,2,0,2,0,2,0,2,0,2,0,2,0,2,0,2,0,2,0,2,0,2,0,1,
1,1,1,1,1,1,1,1,1,1,1,1,1,1,1,1,1,1,1,1,1,1,1,1,1,1,1,1,1,1,
[MAPLAYER_1_END]
[MAPLAYER_2_START]
100000,100000,100000,100000,100000,100000,100000,100000,100000,100000,100000,100000,100000,100000,100000,100000,100000,100000,100000,100000,100000,100000,100000,100000,100000,100000,100000,100000,100000,100000,
100000,100000,100000,100000,100000,100000,100000,100000,100000,100000,100000,100000,100000,100000,100000,100000,100000,100000,100000,100000,100000,100000,100000,100000,100000,100000,100000,100000,100000,100000,
100000,100000,100000,100000,100000,100000,100000,100000,100000,100000,100000,100000,100000,100000,100000,100000,100000,100000,100000,100000,100000,100000,100000,100000,100000,100000,100000,100000,100000,100000,
100000,100000,100000,100000,100000,100000,100000,100000,100000,100000,100000,100000,100000,100000,100000,100000,100000,100000,100000,100000,100000,100000,100000,100000,100000,100000,100000,100000,100000,100000,
100000,100000,100000,100000,100000,100000,100000,100000,100000,100000,100000,100000,100000,100000,100000,100000,100000,100000,100000,100000,100000,100000,100000,100000,100000,100000,100000,100000,100000,100000,
100000,100000,100000,100000,100000,100000,100000,100000,100000,100000,100000,100000,100000,100000,104443,104422,104422,104422,104434,100000,100000,100000,100000,100000,100000,100000,100000,100000,100000,100000,
100000,100000,100000,100000,100000,100000,100000,100000,100000,100000,100000,100000,100000,100000,104141,2400214,2402244,2402041,101414,100000,100000,100000,100000,100000,100000,100000,100000,100000,100000,100000,
100000,100000,100000,100000,100000,100000,100000,100000,100000,100000,100000,100000,100000,100000,104141,2401414,2404444,2404141,101414,100000,100000,100000,100000,100000,100000,100000,100000,100000,100000,100000,
100000,100000,100000,100000,100000,100000,100000,100000,100000,100000,100000,100000,100000,100000,104141,2401402,2404434,2404141,101414,100000,100000,100000,100000,100000,100000,100000,100000,100000,100000,100000,
100000,100000,100000,100000,100000,100000,100000,100000,100000,100000,100000,100000,100000,100000,104344,102041,2401402,2404120,101414,100000,100000,100000,100000,100000,100000,100000,100000,100000,100000,100000,
100000,100000,100000,100000,100000,100000,100000,100000,100000,100000,100000,100000,100000,100000,104444,104344,102244,102244,103444,100000,100000,100000,100000,100000,100000,100000,100000,100000,100000,100000,
100000,100000,100000,100000,100000,100000,100000,100000,100000,100000,100000,100000,100000,100000,100000,100000,100000,100000,100000,100000,100000,100000,100000,100000,100000,100000,100000,100000,100000,100000,
100000,100000,100000,100000,100000,100000,100000,100000,100000,100000,100000,100000,100000,100000,100000,100000,100000,100000,100000,100000,100000,100000,100000,100000,100000,100000,100000,100000,100000,100000,
100000,100000,100000,100000,100000,100000,100000,100000,100000,100000,100000,100000,100000,100000,100000,100000,100000,100000,100000,100000,100000,100000,100000,100000,100000,100000,100000,100000,100000,100000,
100000,100000,100000,100000,100000,100000,100000,100000,100000,100000,100000,100000,100000,100000,100000,100000,100000,100000,100000,100000,100000,100000,100000,100000,100000,100000,100000,100000,100000,100000,
100000,100000,100000,100000,100000,100000,100000,100000,100000,100000,100000,100000,100000,100000,100000,100000,100000,100000,100000,100000,100000,100000,100000,100000,100000,100000,100000,100000,100000,100000,
100000,100000,100000,100000,100000,100000,100000,100000,100000,100000,100000,100000,100000,100000,100000,100000,100000,100000,100000,100000,100000,100000,100000,100000,100000,100000,100000,100000,100000,100000,
100000,100000,100000,100000,100000,100000,100000,100000,100000,100000,100000,100000,100000,100000,100000,100000,100000,100000,100000,100000,100000,100000,100000,100000,100000,100000,100000,100000,100000,100000,
100000,100000,100000,100000,100000,100000,100000,100000,100000,100000,100000,100000,100000,100000,100000,100000,100000,100000,100000,100000,100000,100000,100000,100000,100000,100000,100000,100000,100000,100000,
100000,100000,100000,100000,100000,100000,100000,100000,100000,100000,100000,100000,100000,100000,100000,100000,100000,100000,100000,100000,100000,100000,100000,100000,100000,100000,100000,100000,100000,100000,
100000,100000,100000,100000,100000,100000,100000,100000,100000,100000,100000,100000,100000,100000,100000,100000,100000,100000,100000,100000,100000,100000,100000,100000,100000,100000,100000,100000,100000,100000,
100000,100000,100000,100000,100000,100000,100000,100000,100000,100000,100000,100000,100000,100000,100000,100000,100000,100000,100000,100000,100000,100000,100000,100000,100000,100000,100000,100000,100000,100000,
100000,100000,100000,100000,100000,100000,100000,100000,100000,100000,100000,100000,100000,100000,100000,100000,100000,100000,100000,100000,100000,100000,100000,100000,100000,100000,100000,100000,100000,100000,
100000,100000,100000,100000,100000,100000,100000,100000,100000,100000,100000,100000,100000,100000,100000,100000,100000,100000,100000,100000,100000,100000,100000,100000,100000,100000,100000,100000,100000,100000,
100000,100000,100000,100000,100000,100000,100000,100000,100000,100000,100000,100000,100000,100000,100000,100000,100000,100000,100000,100000,100000,100000,100000,100000,100000,100000,100000,100000,100000,100000,
100000,100000,100000,100000,100000,100000,100000,100000,100000,100000,100000,100000,100000,100000,100000,100000,100000,100000,100000,100000,100000,100000,100000,100000,100000,100000,100000,100000,100000,100000,
100000,100000,100000,100000,100000,100000,100000,100000,100000,100000,100000,100000,100000,100000,100000,100000,100000,100000,100000,100000,100000,100000,100000,100000,100000,100000,100000,100000,100000,100000,
100000,100000,100000,100000,100000,100000,100000,100000,100000,100000,100000,100000,100000,100000,100000,100000,100000,100000,100000,100000,100000,100000,100000,100000,100000,100000,100000,100000,100000,100000,
100000,100000,100000,100000,100000,100000,100000,100000,100000,100000,100000,100000,100000,100000,100000,100000,100000,100000,100000,100000,100000,100000,100000,100000,100000,100000,100000,100000,100000,100000,
100000,100000,100000,100000,100000,100000,100000,100000,100000,100000,100000,100000,100000,100000,100000,100000,100000,100000,100000,100000,100000,100000,100000,100000,100000,100000,100000,100000,100000,100000,
[MAPLAYER_2_END]
[MAPLAYER_3_START]
100000,100000,100000,100000,100000,100000,100000,100000,100000,100000,100000,100000,100000,100000,100000,100000,100000,100000,100000,100000,100000,100000,100000,100000,100000,100000,100000,100000,100000,100000,
100000,100000,100000,100000,100000,100000,100000,100000,100000,100000,100000,100000,100000,100000,100000,100000,100000,100000,100000,100000,100000,100000,100000,100000,100000,100000,100000,100000,100000,100000,
100000,100000,100000,100000,100000,100000,100000,100000,100000,100000,100000,100000,100000,100000,100000,100000,100000,100000,100000,100000,100000,100000,100000,100000,100000,100000,100000,100000,100000,100000,
100000,100000,100000,100000,100000,100000,100000,100000,100000,100000,100000,100000,100000,100000,100000,100000,100000,100000,100000,100000,100000,100000,100000,100000,100000,100000,100000,100000,100000,100000,
100000,100000,100000,100000,100000,100000,100000,100000,100000,100000,100000,100000,100000,100000,100000,100000,100000,100000,100000,100000,100000,100000,100000,100000,100000,100000,100000,100000,100000,100000,
100000,100000,100000,100000,100000,100000,100000,100000,100000,100000,100000,100000,100000,100000,100000,100000,100000,100000,100000,100000,100000,100000,100000,100000,100000,100000,100000,100000,100000,100000,
100000,100000,100000,100000,100000,100000,100000,100000,100000,100000,100000,100000,100000,100000,100000,100000,100000,100000,100000,100000,100000,100000,100000,100000,100000,100000,100000,100000,100000,100000,
100000,100000,100000,100000,100000,100000,100000,100000,100000,100000,100000,100000,100000,100000,100000,100000,100000,100000,100000,100000,100000,100000,100000,100000,100000,100000,100000,100000,100000,100000,
100000,100000,100000,100000,100000,100000,100000,100000,100000,100000,100000,100000,100000,100000,100000,100000,100000,100000,100000,100000,100000,100000,100000,100000,100000,100000,100000,100000,100000,100000,
100000,100000,100000,100000,100000,100000,100000,100000,100000,100000,100000,100000,100000,100000,100000,100000,100000,100000,100000,100000,100000,100000,100000,100000,100000,100000,100000,100000,100000,100000,
100000,100000,100000,100000,100000,100000,100000,100000,100000,100000,100000,100000,100000,100000,100000,100000,100000,100000,100000,100000,100000,100000,100000,100000,100000,100000,100000,100000,100000,100000,
100000,100000,100000,100000,100000,100000,100000,100000,100000,100000,100000,100000,100000,100000,100000,100000,100000,100000,100000,100000,100000,100000,100000,100000,100000,100000,100000,100000,100000,100000,
100000,100000,100000,100000,100000,100000,100000,100000,100000,100000,100000,100000,100000,100000,100000,100000,100000,100000,100000,100000,100000,100000,100000,100000,100000,100000,100000,100000,100000,100000,
100000,100000,100000,100000,100000,100000,100000,100000,100000,100000,100000,100000,100000,100000,100000,100000,100000,100000,100000,100000,100000,100000,100000,100000,100000,100000,100000,100000,100000,100000,
100000,100000,100000,100000,100000,100000,100000,100000,100000,100000,100000,100000,100000,100000,100000,100000,100000,100000,100000,100000,100000,100000,100000,100000,100000,100000,100000,100000,100000,100000,
100000,100000,100000,100000,100000,100000,100000,100000,100000,100000,100000,100000,100000,100000,100000,100000,100000,100000,100000,100000,100000,100000,100000,100000,100000,100000,100000,100000,100000,100000,
100000,100000,100000,100000,100000,100000,100000,100000,100000,100000,100000,100000,100000,100000,100000,100000,100000,100000,100000,100000,100000,100000,100000,100000,100000,100000,100000,100000,100000,100000,
100000,100000,100000,100000,100000,100000,100000,100000,100000,100000,100000,100000,100000,100000,100000,100000,100000,100000,100000,100000,100000,100000,100000,100000,100000,100000,100000,100000,100000,100000,
100000,100000,100000,100000,100000,100000,100000,100000,100000,100000,100000,100000,100000,100000,100000,100000,100000,100000,100000,100000,100000,100000,100000,100000,100000,100000,100000,100000,100000,100000,
100000,100000,100000,100000,100000,100000,100000,100000,100000,100000,100000,100000,100000,100000,100000,100000,100000,100000,100000,100000,100000,100000,100000,100000,100000,100000,100000,100000,100000,100000,
100000,100000,100000,100000,100000,100000,100000,100000,100000,100000,100000,100000,100000,100000,100000,100000,100000,100000,100000,100000,100000,100000,100000,100000,100000,100000,100000,100000,100000,100000,
100000,100000,100000,100000,100000,100000,100000,100000,100000,100000,100000,100000,100000,100000,100000,100000,100000,100000,100000,100000,100000,100000,100000,100000,100000,100000,100000,100000,100000,100000,
100000,100000,100000,100000,100000,100000,100000,100000,100000,100000,100000,100000,100000,100000,100000,100000,100000,100000,100000,100000,100000,100000,100000,100000,100000,100000,100000,100000,100000,100000,
100000,100000,100000,100000,100000,100000,100000,100000,100000,100000,100000,100000,100000,100000,100000,100000,100000,100000,100000,100000,100000,100000,100000,100000,100000,100000,100000,100000,100000,100000,
100000,100000,100000,100000,100000,100000,100000,100000,100000,100000,100000,100000,100000,100000,100000,100000,100000,100000,100000,100000,100000,100000,100000,100000,100000,100000,100000,100000,100000,100000,
100000,100000,100000,100000,100000,100000,100000,100000,100000,100000,100000,100000,100000,100000,100000,100000,100000,100000,100000,100000,100000,100000,100000,100000,100000,100000,100000,100000,100000,100000,
100000,100000,100000,100000,100000,100000,100000,100000,100000,100000,100000,100000,100000,100000,100000,100000,100000,100000,100000,100000,100000,100000,100000,100000,100000,100000,100000,100000,100000,100000,
100000,100000,100000,100000,100000,100000,100000,100000,100000,100000,100000,100000,100000,100000,100000,100000,100000,100000,100000,100000,100000,100000,100000,100000,100000,100000,100000,100000,100000,100000,
100000,100000,100000,100000,100000,100000,100000,100000,100000,100000,100000,100000,100000,100000,100000,100000,100000,100000,100000,100000,100000,100000,100000,100000,100000,100000,100000,100000,100000,100000,
100000,100000,100000,100000,100000,100000,100000,100000,100000,100000,100000,100000,100000,100000,100000,100000,100000,100000,100000,100000,100000,100000,100000,100000,100000,100000,100000,100000,100000,100000,
[MAPLAYER_3_END]
[--MAP_END--]
----------
[EVENTDATA_TEXT_OUTPUT]
EVENT_NUM=7
-----
EVENT_ID=0
EVENT_NAME=火
EVENT_X=12
EVENT_Y=6
EVENT_PAGE=1
OPTION_DATA_NUM=0
EVENT_PAGE_NUM=1
EVENT_PAGE=0
EVENT_TILE_ID=-1
GRAPHIC_FILENAME=CharaChip/[ウ]炎キャラチップ00.png
EVENT_DIRECTION=4
EVENT_PATTERN=2
EVENT_OPACITY=255
EVENT_BLENDTYPE=0
EVENT_TRIGGER_TYPE=2
EVENT_CONDITION_0_USE=32
EVENT_CONDITION_TARGET_0=1000000
EVENT_CONDITION_VALUE_0=0
EVENT_CONDITION_1_USE=32
EVENT_CONDITION_TARGET_1=1000000
EVENT_CONDITION_VALUE_1=0
EVENT_CONDITION_2_USE=32
EVENT_CONDITION_TARGET_2=1000000
EVENT_CONDITION_VALUE_2=0
EVENT_CONDITION_3_USE=32
EVENT_CONDITION_TARGET_3=1000000
EVENT_CONDITION_VALUE_3=0
ANIME_SPEED=3
MOVE_SPEED=3
MOVE_FREQUENCY=3
MOVE_TYPE=0
CHARA_OPTION_FLAG=32
ROUTE_OPTION_FLAG=2
ROUTE_COMMAND_NUM=0
OPTION_VAL_NUM=3
OPTION_VAL_0=0
OPTION_VAL_1=0
OPTION_VAL_2=0
COMMAND_NUM=9
--
WoditorEvCOMMAND_START
[201][1,0]<0>(-1)()(2,[11])
[180][1,0]<0>(6)()
[201][1,0]<0>(-1)()(2,[9])
[180][1,0]<0>(6)()
[201][1,0]<0>(-1)()(2,[8])
[180][1,0]<0>(6)()
[201][1,0]<0>(-1)()(2,[10])
[180][1,0]<0>(6)()
[0][0,0]<0>()()
WoditorEvCOMMAND_END
--
[COMMAND_TEXT_START]
■動作指定：このイベント / 上向
■ウェイト：6 フレーム
■動作指定：このイベント / 左向
■ウェイト：6 フレーム
■動作指定：このイベント / 下向
■ウェイト：6 フレーム
■動作指定：このイベント / 右向
■ウェイト：6 フレーム
■
[COMMAND_TEXT_END]
-----
EVENT_ID=1
EVENT_NAME=CharaChip/[ウ]死体01.png
EVENT_X=12
EVENT_Y=4
EVENT_PAGE=1
OPTION_DATA_NUM=0
EVENT_PAGE_NUM=1
EVENT_PAGE=0
EVENT_TILE_ID=-1
GRAPHIC_FILENAME=CharaChip/[ウ]死体01.png
EVENT_DIRECTION=2
EVENT_PATTERN=1
EVENT_OPACITY=255
EVENT_BLENDTYPE=0
EVENT_TRIGGER_TYPE=0
EVENT_CONDITION_0_USE=32
EVENT_CONDITION_TARGET_0=1000000
EVENT_CONDITION_VALUE_0=0
EVENT_CONDITION_1_USE=32
EVENT_CONDITION_TARGET_1=1000000
EVENT_CONDITION_VALUE_1=0
EVENT_CONDITION_2_USE=32
EVENT_CONDITION_TARGET_2=1000000
EVENT_CONDITION_VALUE_2=0
EVENT_CONDITION_3_USE=32
EVENT_CONDITION_TARGET_3=1000000
EVENT_CONDITION_VALUE_3=0
ANIME_SPEED=3
MOVE_SPEED=3
MOVE_FREQUENCY=3
MOVE_TYPE=0
CHARA_OPTION_FLAG=40
ROUTE_OPTION_FLAG=2
ROUTE_COMMAND_NUM=0
OPTION_VAL_NUM=3
OPTION_VAL_0=0
OPTION_VAL_1=0
OPTION_VAL_2=0
COMMAND_NUM=1
--
WoditorEvCOMMAND_START
[0][0,0]<0>()()
WoditorEvCOMMAND_END
--
[COMMAND_TEXT_START]
■
[COMMAND_TEXT_END]
-----
EVENT_ID=2
EVENT_NAME=[ウ]学生ゾンビ<Enemy>
EVENT_X=4
EVENT_Y=2
EVENT_PAGE=1
OPTION_DATA_NUM=0
EVENT_PAGE_NUM=1
EVENT_PAGE=0
EVENT_TILE_ID=-1
GRAPHIC_FILENAME=CharaChip/[ウ]学生ゾンビ100.png
EVENT_DIRECTION=2
EVENT_PATTERN=1
EVENT_OPACITY=255
EVENT_BLENDTYPE=0
EVENT_TRIGGER_TYPE=0
EVENT_CONDITION_0_USE=32
EVENT_CONDITION_TARGET_0=1000000
EVENT_CONDITION_VALUE_0=0
EVENT_CONDITION_1_USE=32
EVENT_CONDITION_TARGET_1=1000000
EVENT_CONDITION_VALUE_1=0
EVENT_CONDITION_2_USE=32
EVENT_CONDITION_TARGET_2=1000000
EVENT_CONDITION_VALUE_2=0
EVENT_CONDITION_3_USE=32
EVENT_CONDITION_TARGET_3=1000000
EVENT_CONDITION_VALUE_3=0
ANIME_SPEED=3
MOVE_SPEED=3
MOVE_FREQUENCY=3
MOVE_TYPE=0
CHARA_OPTION_FLAG=35
ROUTE_OPTION_FLAG=2
ROUTE_COMMAND_NUM=0
OPTION_VAL_NUM=3
OPTION_VAL_0=0
OPTION_VAL_1=0
OPTION_VAL_2=0
COMMAND_NUM=1
--
WoditorEvCOMMAND_START
[0][0,0]<0>()()
WoditorEvCOMMAND_END
--
[COMMAND_TEXT_START]
■
[COMMAND_TEXT_END]
-----
EVENT_ID=3
EVENT_NAME=学生ゾンビ2<Enemy>
EVENT_X=7
EVENT_Y=4
EVENT_PAGE=2
OPTION_DATA_NUM=0
EVENT_PAGE_NUM=2
EVENT_PAGE=0
EVENT_TILE_ID=-1
GRAPHIC_FILENAME=CharaChip/[ウ]学生ゾンビ200.png
EVENT_DIRECTION=4
EVENT_PATTERN=1
EVENT_OPACITY=255
EVENT_BLENDTYPE=0
EVENT_TRIGGER_TYPE=2
EVENT_CONDITION_0_USE=32
EVENT_CONDITION_TARGET_0=2000032
EVENT_CONDITION_VALUE_0=0
EVENT_CONDITION_1_USE=32
EVENT_CONDITION_TARGET_1=1000000
EVENT_CONDITION_VALUE_1=0
EVENT_CONDITION_2_USE=32
EVENT_CONDITION_TARGET_2=1000000
EVENT_CONDITION_VALUE_2=0
EVENT_CONDITION_3_USE=32
EVENT_CONDITION_TARGET_3=1000000
EVENT_CONDITION_VALUE_3=0
ANIME_SPEED=3
MOVE_SPEED=3
MOVE_FREQUENCY=0
MOVE_TYPE=0
CHARA_OPTION_FLAG=34
ROUTE_OPTION_FLAG=3
ROUTE_COMMAND_NUM=8
[ROUTE_COMMAND_0]8
ROUTE_COMMAND_CODE=30
VAL_NUM=1
VAL_0=0
STR=
[ROUTE_COMMAND_1]8
ROUTE_COMMAND_CODE=29
VAL_NUM=1
VAL_0=1
STR=
[ROUTE_COMMAND_2]8
ROUTE_COMMAND_CODE=17
VAL_NUM=0
STR=
[ROUTE_COMMAND_3]8
ROUTE_COMMAND_CODE=47
VAL_NUM=1
VAL_0=0
STR=
[ROUTE_COMMAND_4]8
ROUTE_COMMAND_CODE=47
VAL_NUM=1
VAL_0=6
STR=
[ROUTE_COMMAND_5]8
ROUTE_COMMAND_CODE=47
VAL_NUM=1
VAL_0=6
STR=
[ROUTE_COMMAND_6]8
ROUTE_COMMAND_CODE=47
VAL_NUM=1
VAL_0=6
STR=
[ROUTE_COMMAND_7]8
ROUTE_COMMAND_CODE=47
VAL_NUM=1
VAL_0=30
STR=
OPTION_VAL_NUM=3
OPTION_VAL_0=0
OPTION_VAL_1=0
OPTION_VAL_2=0
COMMAND_NUM=6
--
WoditorEvCOMMAND_START
[111][4,0]<0>(1,2000046,1,2)()
[401][1,0]<0>(1)()
[300][2,1]<1>(0,0)("学生ゾンビ2")
[0][0,0]<1>()()
[499][0,0]<0>()()
[0][0,0]<0>()()
WoditorEvCOMMAND_END
--
[COMMAND_TEXT_START]
■条件分岐(変数):  【1】 V46[何が起こってる！]  が   1 と同じ 
-◇分岐： 【1】  [ V46[何が起こってる！]  が  1 と同じ  ]の場合↓
 |■イベントの挿入[名]： ["学生ゾンビ2"] <コモンEv 754> 
 |■
◇分岐終了◇
■
[COMMAND_TEXT_END]
EVENT_PAGE=1
EVENT_TILE_ID=-1
GRAPHIC_FILENAME=
EVENT_DIRECTION=2
EVENT_PATTERN=1
EVENT_OPACITY=255
EVENT_BLENDTYPE=0
EVENT_TRIGGER_TYPE=0
EVENT_CONDITION_0_USE=33
EVENT_CONDITION_TARGET_0=1100009
EVENT_CONDITION_VALUE_0=1
EVENT_CONDITION_1_USE=32
EVENT_CONDITION_TARGET_1=1000000
EVENT_CONDITION_VALUE_1=0
EVENT_CONDITION_2_USE=32
EVENT_CONDITION_TARGET_2=1000000
EVENT_CONDITION_VALUE_2=0
EVENT_CONDITION_3_USE=32
EVENT_CONDITION_TARGET_3=1000000
EVENT_CONDITION_VALUE_3=0
ANIME_SPEED=3
MOVE_SPEED=3
MOVE_FREQUENCY=3
MOVE_TYPE=0
CHARA_OPTION_FLAG=35
ROUTE_OPTION_FLAG=2
ROUTE_COMMAND_NUM=0
OPTION_VAL_NUM=3
OPTION_VAL_0=0
OPTION_VAL_1=0
OPTION_VAL_2=0
COMMAND_NUM=1
--
WoditorEvCOMMAND_START
[0][0,0]<0>()()
WoditorEvCOMMAND_END
--
[COMMAND_TEXT_START]
■
[COMMAND_TEXT_END]
-----
EVENT_ID=4
EVENT_NAME=学生ゾンビ1<Enemy>
EVENT_X=23
EVENT_Y=4
EVENT_PAGE=2
OPTION_DATA_NUM=0
EVENT_PAGE_NUM=2
EVENT_PAGE=0
EVENT_TILE_ID=-1
GRAPHIC_FILENAME=CharaChip/[ウ]学生ゾンビ100.png
EVENT_DIRECTION=4
EVENT_PATTERN=1
EVENT_OPACITY=255
EVENT_BLENDTYPE=0
EVENT_TRIGGER_TYPE=2
EVENT_CONDITION_0_USE=32
EVENT_CONDITION_TARGET_0=2000032
EVENT_CONDITION_VALUE_0=0
EVENT_CONDITION_1_USE=32
EVENT_CONDITION_TARGET_1=1000000
EVENT_CONDITION_VALUE_1=0
EVENT_CONDITION_2_USE=32
EVENT_CONDITION_TARGET_2=1000000
EVENT_CONDITION_VALUE_2=0
EVENT_CONDITION_3_USE=32
EVENT_CONDITION_TARGET_3=1000000
EVENT_CONDITION_VALUE_3=0
ANIME_SPEED=3
MOVE_SPEED=3
MOVE_FREQUENCY=0
MOVE_TYPE=0
CHARA_OPTION_FLAG=34
ROUTE_OPTION_FLAG=3
ROUTE_COMMAND_NUM=8
[ROUTE_COMMAND_0]8
ROUTE_COMMAND_CODE=30
VAL_NUM=1
VAL_0=0
STR=
[ROUTE_COMMAND_1]8
ROUTE_COMMAND_CODE=29
VAL_NUM=1
VAL_0=1
STR=
[ROUTE_COMMAND_2]8
ROUTE_COMMAND_CODE=17
VAL_NUM=0
STR=
[ROUTE_COMMAND_3]8
ROUTE_COMMAND_CODE=47
VAL_NUM=1
VAL_0=0
STR=
[ROUTE_COMMAND_4]8
ROUTE_COMMAND_CODE=47
VAL_NUM=1
VAL_0=6
STR=
[ROUTE_COMMAND_5]8
ROUTE_COMMAND_CODE=47
VAL_NUM=1
VAL_0=6
STR=
[ROUTE_COMMAND_6]8
ROUTE_COMMAND_CODE=47
VAL_NUM=1
VAL_0=6
STR=
[ROUTE_COMMAND_7]8
ROUTE_COMMAND_CODE=47
VAL_NUM=1
VAL_0=30
STR=
OPTION_VAL_NUM=3
OPTION_VAL_0=0
OPTION_VAL_1=0
OPTION_VAL_2=0
COMMAND_NUM=6
--
WoditorEvCOMMAND_START
[111][4,0]<0>(1,2000046,1,2)()
[401][1,0]<0>(1)()
[300][2,1]<1>(0,0)("学生ゾンビ1")
[0][0,0]<1>()()
[499][0,0]<0>()()
[0][0,0]<0>()()
WoditorEvCOMMAND_END
--
[COMMAND_TEXT_START]
■条件分岐(変数):  【1】 V46[何が起こってる！]  が   1 と同じ 
-◇分岐： 【1】  [ V46[何が起こってる！]  が  1 と同じ  ]の場合↓
 |■イベントの挿入[名]： ["学生ゾンビ1"] <コモンEv 753> 
 |■
◇分岐終了◇
■
[COMMAND_TEXT_END]
EVENT_PAGE=1
EVENT_TILE_ID=-1
GRAPHIC_FILENAME=
EVENT_DIRECTION=2
EVENT_PATTERN=1
EVENT_OPACITY=255
EVENT_BLENDTYPE=0
EVENT_TRIGGER_TYPE=0
EVENT_CONDITION_0_USE=33
EVENT_CONDITION_TARGET_0=1100009
EVENT_CONDITION_VALUE_0=1
EVENT_CONDITION_1_USE=32
EVENT_CONDITION_TARGET_1=1000000
EVENT_CONDITION_VALUE_1=0
EVENT_CONDITION_2_USE=32
EVENT_CONDITION_TARGET_2=1000000
EVENT_CONDITION_VALUE_2=0
EVENT_CONDITION_3_USE=32
EVENT_CONDITION_TARGET_3=1000000
EVENT_CONDITION_VALUE_3=0
ANIME_SPEED=3
MOVE_SPEED=3
MOVE_FREQUENCY=3
MOVE_TYPE=0
CHARA_OPTION_FLAG=35
ROUTE_OPTION_FLAG=2
ROUTE_COMMAND_NUM=0
OPTION_VAL_NUM=3
OPTION_VAL_0=0
OPTION_VAL_1=0
OPTION_VAL_2=0
COMMAND_NUM=1
--
WoditorEvCOMMAND_START
[0][0,0]<0>()()
WoditorEvCOMMAND_END
--
[COMMAND_TEXT_START]
■
[COMMAND_TEXT_END]
-----
EVENT_ID=5
EVENT_NAME=
EVENT_X=11
EVENT_Y=1
EVENT_PAGE=1
OPTION_DATA_NUM=0
EVENT_PAGE_NUM=1
EVENT_PAGE=0
EVENT_TILE_ID=1377
GRAPHIC_FILENAME=
EVENT_DIRECTION=2
EVENT_PATTERN=1
EVENT_OPACITY=255
EVENT_BLENDTYPE=0
EVENT_TRIGGER_TYPE=2
EVENT_CONDITION_0_USE=32
EVENT_CONDITION_TARGET_0=1000000
EVENT_CONDITION_VALUE_0=0
EVENT_CONDITION_1_USE=32
EVENT_CONDITION_TARGET_1=1000000
EVENT_CONDITION_VALUE_1=0
EVENT_CONDITION_2_USE=32
EVENT_CONDITION_TARGET_2=1000000
EVENT_CONDITION_VALUE_2=0
EVENT_CONDITION_3_USE=32
EVENT_CONDITION_TARGET_3=1000000
EVENT_CONDITION_VALUE_3=0
ANIME_SPEED=3
MOVE_SPEED=3
MOVE_FREQUENCY=3
MOVE_TYPE=0
CHARA_OPTION_FLAG=60
ROUTE_OPTION_FLAG=2
ROUTE_COMMAND_NUM=0
OPTION_VAL_NUM=3
OPTION_VAL_0=0
OPTION_VAL_1=0
OPTION_VAL_2=0
COMMAND_NUM=4
--
WoditorEvCOMMAND_START
[210][4,0]<0>(500370,16777217,35,1100000)()
[210][4,0]<0>(500371,16777217,35,1100001)()
[130][5,0]<0>(-2,1100000,1100001,0,0)()
[0][0,0]<0>()()
WoditorEvCOMMAND_END
--
[COMMAND_TEXT_START]
■イベントの挿入： このEvのSelf0 = コモン370：[ [ピクチャX]画面座標→マップ座標 ] / 35
■イベントの挿入： このEvのSelf1 = コモン371：[ [ピクチャY]画面座標→マップ座標 ] / 35
■場所移動：このEv X:このEvのSelf0 Y:このEvのSelf1  [ﾄﾗﾝｼﾞｼｮﾝなし]
■
[COMMAND_TEXT_END]
-----
EVENT_ID=6
EVENT_NAME=女性ゾンビ<Enemy>
EVENT_X=19
EVENT_Y=4
EVENT_PAGE=2
OPTION_DATA_NUM=0
EVENT_PAGE_NUM=2
EVENT_PAGE=0
EVENT_TILE_ID=-1
GRAPHIC_FILENAME=CharaChip/[ウ]女性ゾンビ00.png
EVENT_DIRECTION=4
EVENT_PATTERN=1
EVENT_OPACITY=255
EVENT_BLENDTYPE=0
EVENT_TRIGGER_TYPE=2
EVENT_CONDITION_0_USE=32
EVENT_CONDITION_TARGET_0=2000032
EVENT_CONDITION_VALUE_0=0
EVENT_CONDITION_1_USE=32
EVENT_CONDITION_TARGET_1=1000000
EVENT_CONDITION_VALUE_1=0
EVENT_CONDITION_2_USE=32
EVENT_CONDITION_TARGET_2=1000000
EVENT_CONDITION_VALUE_2=0
EVENT_CONDITION_3_USE=32
EVENT_CONDITION_TARGET_3=1000000
EVENT_CONDITION_VALUE_3=0
ANIME_SPEED=3
MOVE_SPEED=3
MOVE_FREQUENCY=0
MOVE_TYPE=0
CHARA_OPTION_FLAG=34
ROUTE_OPTION_FLAG=3
ROUTE_COMMAND_NUM=8
[ROUTE_COMMAND_0]8
ROUTE_COMMAND_CODE=30
VAL_NUM=1
VAL_0=0
STR=
[ROUTE_COMMAND_1]8
ROUTE_COMMAND_CODE=29
VAL_NUM=1
VAL_0=1
STR=
[ROUTE_COMMAND_2]8
ROUTE_COMMAND_CODE=17
VAL_NUM=0
STR=
[ROUTE_COMMAND_3]8
ROUTE_COMMAND_CODE=47
VAL_NUM=1
VAL_0=0
STR=
[ROUTE_COMMAND_4]8
ROUTE_COMMAND_CODE=47
VAL_NUM=1
VAL_0=6
STR=
[ROUTE_COMMAND_5]8
ROUTE_COMMAND_CODE=47
VAL_NUM=1
VAL_0=6
STR=
[ROUTE_COMMAND_6]8
ROUTE_COMMAND_CODE=47
VAL_NUM=1
VAL_0=6
STR=
[ROUTE_COMMAND_7]8
ROUTE_COMMAND_CODE=47
VAL_NUM=1
VAL_0=30
STR=
OPTION_VAL_NUM=3
OPTION_VAL_0=0
OPTION_VAL_1=0
OPTION_VAL_2=0
COMMAND_NUM=6
--
WoditorEvCOMMAND_START
[111][4,0]<0>(1,2000046,1,2)()
[401][1,0]<0>(1)()
[300][2,1]<1>(0,0)("女性ゾンビ")
[0][0,0]<1>()()
[499][0,0]<0>()()
[0][0,0]<0>()()
WoditorEvCOMMAND_END
--
[COMMAND_TEXT_START]
■条件分岐(変数):  【1】 V46[何が起こってる！]  が   1 と同じ 
-◇分岐： 【1】  [ V46[何が起こってる！]  が  1 と同じ  ]の場合↓
 |■イベントの挿入[名]： ["女性ゾンビ"] <コモンEv 755> 
 |■
◇分岐終了◇
■
[COMMAND_TEXT_END]
EVENT_PAGE=1
EVENT_TILE_ID=-1
GRAPHIC_FILENAME=
EVENT_DIRECTION=2
EVENT_PATTERN=1
EVENT_OPACITY=255
EVENT_BLENDTYPE=0
EVENT_TRIGGER_TYPE=0
EVENT_CONDITION_0_USE=33
EVENT_CONDITION_TARGET_0=1100009
EVENT_CONDITION_VALUE_0=1
EVENT_CONDITION_1_USE=32
EVENT_CONDITION_TARGET_1=1000000
EVENT_CONDITION_VALUE_1=0
EVENT_CONDITION_2_USE=32
EVENT_CONDITION_TARGET_2=1000000
EVENT_CONDITION_VALUE_2=0
EVENT_CONDITION_3_USE=32
EVENT_CONDITION_TARGET_3=1000000
EVENT_CONDITION_VALUE_3=0
ANIME_SPEED=3
MOVE_SPEED=3
MOVE_FREQUENCY=3
MOVE_TYPE=0
CHARA_OPTION_FLAG=35
ROUTE_OPTION_FLAG=2
ROUTE_COMMAND_NUM=0
OPTION_VAL_NUM=3
OPTION_VAL_0=0
OPTION_VAL_1=0
OPTION_VAL_2=0
COMMAND_NUM=1
--
WoditorEvCOMMAND_START
[0][0,0]<0>()()
WoditorEvCOMMAND_END
--
[COMMAND_TEXT_START]
■
[COMMAND_TEXT_END]
