[MAPDATA_TEXT_OUTPUT]
MAPDATA_EXIST=1
TILESET_ID=0
MAP_WIDTH=50
MAP_HEIGHT=50
MAPLAYER=3
[--MAP_START--]
[MAPLAYER_1_START]
0,0,0,0,0,0,0,0,0,0,0,0,0,0,0,0,0,0,0,0,0,0,0,0,0,0,0,0,0,0,0,0,0,0,0,0,0,0,0,0,0,0,0,0,0,0,0,0,0,0,
0,0,0,0,0,0,0,0,0,0,0,0,0,0,0,0,0,0,0,0,0,0,0,0,0,0,0,0,0,0,0,0,0,0,0,0,0,0,0,0,0,0,0,0,0,0,0,0,0,0,
0,0,0,0,0,0,0,0,0,0,0,0,0,0,0,0,0,0,0,0,0,0,0,0,0,0,0,0,0,0,0,0,0,0,0,0,0,0,0,0,0,0,0,0,0,0,0,0,0,0,
0,0,0,0,0,0,0,0,0,0,0,0,0,0,0,0,0,0,0,0,0,0,0,0,0,0,0,0,0,0,0,0,0,0,0,0,0,0,0,0,0,0,0,0,0,0,0,0,0,0,
0,0,0,0,0,0,0,0,0,0,0,0,0,0,0,0,0,0,0,0,0,0,0,0,0,0,0,0,0,0,0,0,0,0,0,0,0,0,0,0,0,0,0,0,0,0,0,0,0,0,
0,0,0,0,0,0,0,0,0,0,0,0,0,0,0,0,0,0,0,0,0,0,0,0,0,0,0,0,0,0,0,0,0,0,0,0,0,0,0,0,0,0,0,0,0,0,0,0,0,0,
0,0,0,0,0,0,0,0,0,0,0,0,0,0,0,0,0,0,0,0,0,0,0,0,0,0,0,0,0,0,0,0,0,0,0,0,0,0,0,0,0,0,0,0,0,0,0,0,0,0,
0,0,0,0,0,0,0,0,0,0,0,0,0,0,0,0,0,0,0,0,0,0,0,0,0,0,0,0,0,0,0,0,0,0,0,0,0,0,0,0,0,0,0,0,0,0,0,0,0,0,
0,0,0,0,0,0,0,0,0,0,0,0,0,0,0,0,0,0,0,0,0,0,0,0,0,0,0,0,0,0,0,0,0,0,0,0,0,0,0,0,0,0,0,0,0,0,0,0,0,0,
0,0,0,0,0,0,0,0,0,0,0,0,0,0,0,0,0,0,0,0,0,0,0,0,0,0,0,0,0,0,0,0,0,0,0,0,0,0,0,0,0,0,0,0,0,0,0,0,0,0,
0,0,0,0,0,0,0,0,0,0,0,0,0,0,0,0,0,0,0,0,0,0,0,0,0,0,0,0,0,0,0,0,0,0,0,0,0,0,0,0,0,0,0,0,0,0,0,0,0,0,
0,0,0,0,0,0,0,0,0,0,0,0,0,0,0,0,0,0,0,0,0,0,0,0,0,0,0,0,0,0,0,0,0,0,0,0,0,0,0,0,0,0,0,0,0,0,0,0,0,0,
0,0,0,0,0,0,0,0,0,0,0,0,0,0,0,0,0,0,0,0,0,0,0,0,0,0,0,0,0,0,0,0,0,0,0,0,0,0,0,0,0,0,0,0,0,0,0,0,0,0,
0,0,0,0,0,0,0,0,0,0,0,0,0,0,0,0,0,0,0,0,0,0,0,0,0,0,0,0,0,0,0,0,0,0,0,0,0,0,0,0,0,0,0,0,0,0,0,0,0,0,
0,0,0,0,0,0,0,0,0,0,0,0,0,0,0,0,0,0,0,0,0,0,0,0,0,0,0,0,0,0,0,0,0,0,0,0,0,0,0,0,0,0,0,0,0,0,0,0,0,0,
0,0,0,0,0,0,0,0,0,0,0,0,0,0,0,0,0,0,0,0,0,0,0,0,0,0,0,0,0,0,0,0,0,0,0,0,0,0,0,0,0,0,0,0,0,0,0,0,0,0,
0,0,0,0,0,0,0,0,0,0,0,0,0,0,0,0,0,0,0,0,0,0,0,0,0,0,0,0,0,0,0,0,0,0,0,0,0,0,0,0,0,0,0,0,0,0,0,0,0,0,
0,0,0,0,0,0,0,0,0,0,0,0,0,0,0,0,0,0,0,0,0,0,0,0,0,0,0,0,0,0,0,0,0,0,0,0,0,0,0,0,0,0,0,0,0,0,0,0,0,0,
0,0,0,0,0,0,0,0,0,0,0,0,0,0,0,0,0,0,0,0,0,0,0,0,0,0,0,0,0,0,0,0,0,0,0,0,0,0,0,0,0,0,0,0,0,0,0,0,0,0,
0,0,0,0,0,0,0,0,0,0,0,0,0,0,0,0,0,0,0,0,0,0,0,0,0,0,0,0,0,0,0,0,0,0,0,0,0,0,0,0,0,0,0,0,0,0,0,0,0,0,
0,0,0,0,0,0,0,0,0,0,0,0,0,0,0,0,0,0,0,0,0,0,0,0,0,0,0,0,0,0,0,0,0,0,0,0,0,0,0,0,0,0,0,0,0,0,0,0,0,0,
0,0,0,0,0,0,0,0,0,0,0,0,0,0,0,0,0,0,0,0,0,0,0,0,0,0,0,0,0,0,0,0,0,0,0,0,0,0,0,0,0,0,0,0,0,0,0,0,0,0,
0,0,0,0,0,0,0,0,0,0,0,0,0,0,0,0,0,0,0,0,0,0,0,0,0,0,0,0,0,0,0,0,0,0,0,0,0,0,0,0,0,0,0,0,0,0,0,0,0,0,
0,0,0,0,0,0,0,0,0,0,0,0,0,0,0,0,0,0,0,0,0,0,0,0,0,0,0,0,0,0,0,0,0,0,0,0,0,0,0,0,0,0,0,0,0,0,0,0,0,0,
0,0,0,0,0,0,0,0,0,0,0,0,0,0,0,0,0,0,0,0,0,0,0,0,0,0,0,0,0,0,0,0,0,0,0,0,0,0,0,0,0,0,0,0,0,0,0,0,0,0,
0,0,0,0,0,0,0,0,0,0,0,0,0,0,0,0,0,0,0,0,0,0,0,0,0,0,0,0,0,0,0,0,0,0,0,0,0,0,0,0,0,0,0,0,0,0,0,0,0,0,
0,0,0,0,0,0,0,0,0,0,0,0,0,0,0,0,0,0,0,0,0,0,0,0,0,0,0,0,0,0,0,0,0,0,0,0,0,0,0,0,0,0,0,0,0,0,0,0,0,0,
0,0,0,0,0,0,0,0,0,0,0,0,0,0,0,0,0,0,0,0,0,0,0,0,0,0,0,0,0,0,0,0,0,0,0,0,0,0,0,0,0,0,0,0,0,0,0,0,0,0,
0,0,0,0,0,0,0,0,0,0,0,0,0,0,0,0,0,0,0,0,0,0,0,0,0,0,0,0,0,0,0,0,0,0,0,0,0,0,0,0,0,0,0,0,0,0,0,0,0,0,
0,0,0,0,0,0,0,0,0,0,0,0,0,0,0,0,0,0,0,0,0,0,0,0,0,0,0,0,0,0,0,0,0,0,0,0,0,0,0,0,0,0,0,0,0,0,0,0,0,0,
0,0,0,0,0,0,0,0,0,0,0,0,0,0,0,0,0,0,0,0,0,0,0,0,0,0,0,0,0,0,0,0,0,0,0,0,0,0,0,0,0,0,0,0,0,0,0,0,0,0,
0,0,0,0,0,0,0,0,0,0,0,0,0,0,0,0,0,0,0,0,0,0,0,0,0,0,0,0,0,0,0,0,0,0,0,0,0,0,0,0,0,0,0,0,0,0,0,0,0,0,
0,0,0,0,0,0,0,0,0,0,0,0,0,0,0,0,0,0,0,0,0,0,0,0,0,0,0,0,0,0,0,0,0,0,0,0,0,0,0,0,0,0,0,0,0,0,0,0,0,0,
0,0,0,0,0,0,0,0,0,0,0,0,0,0,0,0,0,0,0,0,0,0,0,0,0,0,0,0,0,0,0,0,0,0,0,0,0,0,0,0,0,0,0,0,0,0,0,0,0,0,
0,0,0,0,0,0,0,0,0,0,0,0,0,0,0,0,0,0,0,0,0,0,0,0,0,0,0,0,0,0,0,0,0,0,0,0,0,0,0,0,0,0,0,0,0,0,0,0,0,0,
0,0,0,0,0,0,0,0,0,0,0,0,0,0,0,0,0,0,0,0,0,0,0,0,0,0,0,0,0,0,0,0,0,0,0,0,0,0,0,0,0,0,0,0,0,0,0,0,0,0,
0,0,0,0,0,0,0,0,0,0,0,0,0,0,0,0,0,0,0,0,0,0,0,0,0,0,0,0,0,0,0,0,0,0,0,0,0,0,0,0,0,0,0,0,0,0,0,0,0,0,
0,0,0,0,0,0,0,0,0,0,0,0,0,0,0,0,0,0,0,0,0,0,0,0,0,0,0,0,0,0,0,0,0,0,0,0,0,0,0,0,0,0,0,0,0,0,0,0,0,0,
0,0,0,0,0,0,0,0,0,0,0,0,0,0,0,0,0,0,0,0,0,0,0,307,307,307,0,0,0,0,0,0,0,0,0,0,0,0,0,0,0,0,0,0,0,0,0,0,0,0,
0,0,0,0,0,0,0,0,0,0,0,0,0,0,0,0,0,0,0,0,0,0,0,307,307,307,0,0,0,0,0,0,0,0,0,0,0,0,0,0,0,0,0,0,0,0,0,0,0,0,
0,0,0,0,0,0,0,0,0,0,0,0,0,0,0,0,0,0,0,0,0,0,0,307,307,307,0,0,0,0,0,0,0,0,0,0,0,0,0,0,0,0,0,0,0,0,0,0,0,0,
0,0,0,0,0,0,0,0,0,0,0,0,0,0,0,0,0,0,0,0,0,0,0,307,307,307,0,0,0,0,0,0,0,0,0,0,0,0,0,0,0,0,0,0,0,0,0,0,0,0,
0,0,0,0,0,0,0,0,0,0,0,0,0,0,0,0,0,0,0,0,0,0,0,307,307,307,0,0,0,0,0,0,0,0,0,0,0,0,0,0,0,0,0,0,0,0,0,0,0,0,
0,0,0,0,0,0,0,0,0,0,0,0,0,0,0,0,0,0,0,0,0,0,0,307,307,307,0,0,0,0,0,0,0,0,0,0,0,0,0,0,0,0,0,0,0,0,0,0,0,0,
0,0,0,0,0,0,0,0,0,0,0,0,0,0,0,0,0,0,0,0,0,0,0,307,307,307,0,0,0,0,0,0,0,0,0,0,0,0,0,0,0,0,0,0,0,0,0,0,0,0,
0,0,0,0,0,0,0,0,0,0,0,0,0,0,0,0,0,0,0,0,0,0,0,307,307,307,0,0,0,0,0,0,0,0,0,0,0,0,0,0,0,0,0,0,0,0,0,0,0,0,
0,0,0,0,0,0,0,0,0,0,0,0,0,0,0,0,0,0,0,0,0,0,0,307,307,307,0,0,0,0,0,0,0,0,0,0,0,0,0,0,0,0,0,0,0,0,0,0,0,0,
0,0,0,0,0,0,0,0,0,0,0,0,0,0,0,0,0,0,0,0,0,0,0,307,307,307,0,0,0,0,0,0,0,0,0,0,0,0,0,0,0,0,0,0,0,0,0,0,0,0,
0,0,0,0,0,0,0,0,0,0,0,0,0,0,0,0,0,0,0,0,0,0,0,307,307,307,0,0,0,0,0,0,0,0,0,0,0,0,0,0,0,0,0,0,0,0,0,0,0,0,
0,0,0,0,0,0,0,0,0,0,0,0,0,0,0,0,0,0,0,0,0,0,0,307,307,307,0,0,0,0,0,0,0,0,0,0,0,0,0,0,0,0,0,0,0,0,0,0,0,0,
[MAPLAYER_1_END]
[MAPLAYER_2_START]
104444,104444,104444,104444,104444,104444,104444,104444,104444,104444,104444,104444,104444,104444,104444,104444,104444,104444,104444,104444,104444,104444,104444,104444,104444,104444,104444,104444,104444,104444,104444,104444,104444,104444,104444,104444,104444,104444,104444,104444,104444,104444,104444,104444,104444,104444,104444,104444,104444,104444,
104444,104444,104444,104444,104444,104444,104444,104444,104444,104444,104444,104444,104444,104444,104444,104444,104444,104444,104444,104444,104444,104444,104444,104444,104444,104444,104444,104444,104444,104444,104444,104444,104444,104444,104444,104444,104444,104444,104444,104444,104444,104444,104444,104444,104444,104444,104444,104444,104444,104444,
104444,104444,104444,104444,104444,104444,104444,104444,104444,104444,104444,104444,104444,104444,104444,104444,104444,104444,104444,104444,104444,104444,104444,104444,104444,104444,104444,104444,104444,104444,104444,104444,104444,104444,104444,104444,104444,104444,104444,104444,104444,104444,104444,104444,104444,104444,104444,104444,104444,104444,
104444,104444,104444,104444,104444,104444,104444,104444,104444,104444,104444,104444,104444,104444,104444,104444,104444,104444,104444,104444,104444,104444,104444,104444,104444,104444,104444,104444,104444,104444,104444,104444,104444,104444,104444,104444,104444,104444,104444,104444,104444,104444,104444,104444,104444,104444,104444,104444,104444,104444,
104444,104444,104443,104422,104422,104422,104422,104422,104422,104422,104422,104422,104422,104422,104422,104422,104422,104422,104422,104422,104422,104422,104422,104422,104422,104422,104422,104422,104422,104422,104422,104422,104422,104422,104422,104422,104422,104422,104422,104422,104422,104422,104422,104422,104422,104422,104422,104434,104444,104444,
104444,104444,104141,500214,502244,502244,502244,502244,502244,502244,502244,502244,502244,502244,502244,502244,502244,502244,502244,502244,502244,502244,502244,502244,502244,502244,502244,502244,502244,502244,502244,502244,502244,502244,502244,502244,502244,502244,502244,502244,502244,502244,502244,502244,502244,502244,502041,101414,104444,104444,
104444,104444,104141,501414,504444,504444,504444,504444,504444,504444,504444,504444,504444,504444,504444,504444,504444,504444,504444,504444,504444,504444,504444,504444,504444,504444,504444,504444,504444,504444,504444,504444,504444,504444,504444,504444,504444,504444,504444,504444,504444,504444,504444,504444,504444,504444,504141,101414,104444,104444,
104444,104444,104141,501414,504444,504444,504444,504444,504444,504444,504444,504444,504444,504444,504444,504444,504444,504444,504444,504444,504444,504444,504444,504444,504444,504444,504444,504444,504444,504444,504444,504444,504444,504444,504444,504444,504444,504444,504444,504444,504444,504444,504444,504444,504444,504444,504141,101414,104444,104444,
104444,104444,104141,501414,504444,504444,504443,504422,504422,504422,504422,504422,504422,504422,504422,504422,504422,504422,504422,504422,504422,504422,504422,504422,504422,504422,504422,504422,504422,504422,504422,504422,504422,504422,504422,504422,504422,504422,504422,504422,504422,504422,504422,504434,504444,504444,504141,101414,104444,104444,
104444,104444,104141,501414,504444,504444,504141,100214,102244,102244,102244,102244,102244,102244,102244,102244,102244,102244,102244,102244,102244,102244,102244,102244,102244,102244,102244,102244,102244,102244,102244,102244,102244,102244,102244,102244,102244,102244,102244,102244,102244,102244,102041,501414,504444,504444,504141,101414,104444,104444,
104444,104444,104141,501414,504444,504444,504141,101414,104444,104444,104443,104422,104422,104422,104422,104422,104422,104422,104422,104422,104422,104422,104422,104422,104422,104422,104422,104422,104422,104422,104422,104422,104422,104422,104422,104422,104422,104422,104422,104434,104444,104444,104141,501414,504444,504444,504141,101414,104444,104444,
104444,104444,104141,501414,504444,504444,504141,101414,104444,104444,104141,462,462,462,462,462,462,462,462,462,462,462,462,462,462,462,462,462,462,462,462,462,462,462,462,462,462,462,462,101414,104444,104444,104141,501414,504444,504444,504141,101414,104444,104444,
104444,104444,104141,501414,504444,504444,504141,101414,104444,104444,104141,448,449,449,449,449,449,449,449,449,449,449,449,449,449,449,449,449,449,449,449,449,449,449,449,449,449,449,450,101414,104444,104444,104141,501414,504444,504444,504141,101414,104444,104444,
104444,104444,104141,501414,504444,504444,504141,101414,104444,104444,104141,448,449,449,449,449,449,449,449,449,449,449,449,449,449,449,449,449,449,449,449,449,449,449,449,449,449,449,450,101414,104444,104444,104141,501414,504444,504444,504141,101414,104444,104444,
104444,104444,104141,501414,504444,504444,504141,101414,104444,104444,104141,448,449,449,449,449,449,449,449,449,449,449,449,449,449,449,449,449,449,449,449,449,449,449,449,449,449,449,450,101414,104444,104444,104141,501414,504444,504444,504141,101414,104444,104444,
104444,104444,104141,501414,504444,504444,504141,101414,104444,104444,104141,448,449,449,449,449,449,449,449,449,449,449,449,449,449,449,449,449,449,449,449,449,449,449,449,449,449,449,450,101414,104444,104444,104141,501414,504444,504444,504141,101414,104444,104444,
104444,104444,104141,501414,504444,504444,504141,101414,104444,104444,104141,448,449,449,449,449,449,449,449,449,449,449,449,449,449,449,449,449,449,449,449,449,449,449,449,449,449,449,450,101414,104444,104444,104141,501414,504444,504444,504141,101414,104444,104444,
104444,104444,104141,501414,504444,504444,504141,101414,104444,104444,104141,448,449,449,449,449,449,449,449,449,449,449,449,449,449,449,449,449,449,449,449,449,449,449,449,449,449,449,450,101414,104444,104444,104141,501414,504444,504444,504141,101414,104444,104444,
104444,104444,104141,501414,504444,504444,504141,101414,104444,104444,104141,448,449,449,449,449,449,449,449,449,449,449,449,449,449,449,449,449,449,449,449,449,449,449,449,449,449,449,450,101414,104444,104444,104141,501414,504444,504444,504141,101414,104444,104444,
104444,104444,104141,501414,504444,504444,504141,101414,104444,104444,104141,448,449,449,449,449,449,449,449,449,449,449,449,449,449,449,449,449,449,449,449,449,449,449,449,449,449,449,450,101414,104444,104444,104141,501414,504444,504444,504141,101414,104444,104444,
104444,104444,104141,501414,504444,504444,504141,101414,104444,104444,104141,448,449,449,449,449,449,449,449,449,449,449,449,449,449,449,449,449,449,449,449,449,449,449,449,449,449,449,450,101414,104444,104444,104141,501414,504444,504444,504141,101414,104444,104444,
104444,104444,104141,501414,504444,504444,504141,101414,104444,104444,104141,448,449,449,449,449,449,449,449,449,449,449,449,449,449,449,449,449,449,449,449,449,449,449,449,449,449,449,450,101414,104444,104444,104141,501414,504444,504444,504141,101414,104444,104444,
104444,104444,104141,501414,504444,504444,504141,101414,104444,104444,104141,448,449,449,449,449,449,449,449,449,449,449,449,449,449,449,449,449,449,449,449,449,449,449,449,449,449,449,450,101414,104444,104444,104141,501414,504444,504444,504141,101414,104444,104444,
104444,104444,104141,501414,504444,504444,504141,101414,104444,104444,104141,448,449,449,449,449,449,449,449,449,449,449,449,449,449,449,449,449,449,449,449,449,449,449,449,449,449,449,450,101414,104444,104444,104141,501414,504444,504444,504141,101414,104444,104444,
104444,104444,104141,501414,504444,504444,504141,101414,104444,104444,104141,448,449,449,449,449,449,449,449,449,449,449,449,449,449,449,449,449,449,449,449,449,449,449,449,449,449,449,450,101414,104444,104444,104141,501414,504444,504444,504141,101414,104444,104444,
104444,104444,104141,501414,504444,504444,504141,101414,104444,104444,104141,448,449,449,449,449,449,449,449,449,449,449,449,449,449,449,449,449,449,449,449,449,449,449,449,449,449,449,450,101414,104444,104444,104141,501414,504444,504444,504141,101414,104444,104444,
104444,104444,104141,501414,504444,504444,504141,101414,104444,104444,104141,448,449,449,449,449,449,449,449,449,449,449,449,449,449,449,449,449,449,449,449,449,449,449,449,449,449,449,450,101414,104444,104444,104141,501414,504444,504444,504141,101414,104444,104444,
104444,104444,104141,501414,504444,504444,504141,101414,104444,104444,104141,448,449,449,449,449,449,449,449,449,449,449,449,449,449,449,449,449,449,449,449,449,449,449,449,449,449,449,450,101414,104444,104444,104141,501414,504444,504444,504141,101414,104444,104444,
104444,104444,104141,501414,504444,504444,504141,101414,104444,104444,104141,448,449,449,449,449,449,449,449,449,449,449,449,449,449,449,449,449,449,449,449,449,449,449,449,449,449,449,450,101414,104444,104444,104141,501414,504444,504444,504141,101414,104444,104444,
104444,104444,104141,501414,504444,504444,504141,101414,104444,104444,104141,448,449,449,449,449,449,449,449,449,449,449,449,449,449,449,449,449,449,449,449,449,449,449,449,449,449,449,450,101414,104444,104444,104141,501414,504444,504444,504141,101414,104444,104444,
104444,104444,104141,501414,504444,504444,504141,101414,104444,104444,104141,448,449,449,449,449,449,449,449,449,449,449,449,449,449,449,449,449,449,449,449,449,449,449,449,449,449,449,450,101414,104444,104444,104141,501414,504444,504444,504141,101414,104444,104444,
104444,104444,104141,501414,504444,504444,504141,101414,104444,104444,104141,456,457,457,457,457,457,457,457,457,457,457,457,457,457,457,457,457,457,457,457,457,457,457,457,457,457,457,458,101414,104444,104444,104141,501414,504444,504444,504141,101414,104444,104444,
104444,104444,104141,501414,504444,504444,504141,101414,104444,104444,104344,102244,102244,102244,102244,102244,102244,102244,102244,102244,102244,102244,102244,102244,102244,102244,102244,102244,102244,102244,102244,102244,102244,102244,102244,102244,102244,102244,102244,103444,104444,104444,104141,501414,504444,504444,504141,101414,104444,104444,
104444,104444,104141,501414,504444,504444,504141,101414,104444,104444,104444,104444,104444,104444,104444,104444,104444,104444,104444,104444,104444,104444,104444,104444,104444,104444,104444,104444,104444,104444,104444,104444,104444,104444,104444,104444,104444,104444,104444,104444,104444,104444,104141,501414,504444,504444,504141,101414,104444,104444,
104444,104444,104141,501414,504444,504444,504141,101402,104422,104422,104422,104422,104422,104422,104422,104422,104422,104422,104422,104422,104422,104422,104422,104422,104422,104422,104422,104422,104422,104422,104422,104422,104422,104422,104422,104422,104422,104422,104422,104422,104422,104422,104120,501414,504444,504444,504141,101414,104444,104444,
104444,104444,104141,501414,504444,504444,504344,502244,502244,502244,502244,502244,502244,502244,502244,502244,502244,502244,502244,502244,502244,502244,502244,502244,502244,502244,502244,502244,502244,502244,502244,502244,502244,502244,502244,502244,502244,502244,502244,502244,502244,502244,502244,503444,504444,504444,504141,101414,104444,104444,
104444,104444,104141,501414,504444,504444,504444,504444,504444,504444,504444,504444,504444,504444,504444,504444,504444,504444,504444,504444,504444,504444,504444,504444,504444,504444,504444,504444,504444,504444,504444,504444,504444,504444,504444,504444,504444,504444,504444,504444,504444,504444,504444,504444,504444,504444,504141,101414,104444,104444,
104444,104444,104141,501414,504444,504444,504444,504444,504444,504444,504444,504444,504444,504444,504444,504444,504444,504444,504444,504444,504444,504444,504444,504444,504444,504444,504444,504444,504444,504444,504444,504444,504444,504444,504444,504444,504444,504444,504444,504444,504444,504444,504444,504444,504444,504444,504141,101414,104444,104444,
104444,104444,104141,501402,504422,504422,504422,504422,504422,504422,504422,504422,504422,504422,504422,504422,504422,504422,504422,504422,504422,504422,504422,504422,504422,504422,504422,504422,504422,504422,504422,504422,504422,504422,504422,504422,504422,504422,504422,504422,504422,504422,504422,504422,504422,504422,504120,101414,104444,104444,
104444,104444,104344,102244,102244,102244,102244,102244,102244,102244,102244,102244,102244,102244,102244,102244,102244,102244,102244,102244,102244,102244,102244,102244,102244,102244,102244,102244,102244,102244,102244,102244,102244,102244,102244,102244,102244,102244,102244,102244,102244,102244,102244,102244,102244,102244,102244,103444,104444,104444,
104444,104444,104444,104444,104444,104444,104444,104444,104444,104444,104444,104444,104444,104444,104444,104444,104444,104444,104444,104444,104444,104444,104444,104444,104444,104444,104444,104444,104444,104444,104444,104444,104444,104444,104444,104444,104444,104444,104444,104444,104444,104444,104444,104444,104444,104444,104444,104444,104444,104444,
104444,104444,104444,104444,104444,104444,104444,104444,104444,104444,104444,104444,104444,104444,104444,104444,104444,104444,104444,104444,104444,104444,104444,104444,104444,104444,104444,104444,104444,104444,104444,104444,104444,104444,104444,104444,104444,104444,104444,104444,104444,104444,104444,104444,104444,104444,104444,104444,104444,104444,
104444,104444,104444,104444,104444,104444,104444,104444,104444,104444,104444,104444,104444,104444,104444,104444,104444,104444,104444,104444,104444,104444,104444,104444,104444,104444,104444,104444,104444,104444,104444,104444,104444,104444,104444,104444,104444,104444,104444,104444,104444,104444,104444,104444,104444,104444,104444,104444,104444,104444,
104444,104444,104444,104444,104444,104444,104444,104444,104444,104444,104444,104444,104444,104444,104444,104444,104444,104444,104444,104444,104444,104444,104444,104444,104444,104444,104444,104444,104444,104444,104444,104444,104444,104444,104444,104444,104444,104444,104444,104444,104444,104444,104444,104444,104444,104444,104444,104444,104444,104444,
104444,104444,104444,104444,104444,104444,104444,104444,104444,104444,104444,104444,104444,104444,104444,104444,104444,104444,104444,104444,104444,104444,104444,104444,104444,104444,104444,104444,104444,104444,104444,104444,104444,104444,104444,104444,104444,104444,104444,104444,104444,104444,104444,104444,104444,104444,104444,104444,104444,104444,
104444,104444,104444,104444,104444,104444,104444,104444,104444,104444,104444,104444,104444,104444,104444,104444,104444,104444,104444,104444,104444,104444,104444,104444,104444,104444,104444,104444,104444,104444,104444,104444,104444,104444,104444,104444,104444,104444,104444,104444,104444,104444,104444,104444,104444,104444,104444,104444,104444,104444,
104444,104444,104444,104444,104444,104444,104444,104444,104444,104444,104444,104444,104444,104444,104444,104444,104444,104444,104444,104444,104444,104444,104444,104444,104444,104444,104444,104444,104444,104444,104444,104444,104444,104444,104444,104444,104444,104444,104444,104444,104444,104444,104444,104444,104444,104444,104444,104444,104444,104444,
104444,104444,104444,104444,104444,104444,104444,104444,104444,104444,104444,104444,104444,104444,104444,104444,104444,104444,104444,104444,104444,104444,104444,104444,104444,104444,104444,104444,104444,104444,104444,104444,104444,104444,104444,104444,104444,104444,104444,104444,104444,104444,104444,104444,104444,104444,104444,104444,104444,104444,
104444,104444,104444,104444,104444,104444,104444,104444,104444,104444,104444,104444,104444,104444,104444,104444,104444,104444,104444,104444,104444,104444,104444,104444,104444,104444,104444,104444,104444,104444,104444,104444,104444,104444,104444,104444,104444,104444,104444,104444,104444,104444,104444,104444,104444,104444,104444,104444,104444,104444,
104444,104444,104444,104444,104444,104444,104444,104444,104444,104444,104444,104444,104444,104444,104444,104444,104444,104444,104444,104444,104444,104444,104444,104444,104444,104444,104444,104444,104444,104444,104444,104444,104444,104444,104444,104444,104444,104444,104444,104444,104444,104444,104444,104444,104444,104444,104444,104444,104444,104444,
[MAPLAYER_2_END]
[MAPLAYER_3_START]
100000,100000,100000,100000,100000,100000,100000,100000,100000,100000,100000,100000,100000,100000,100000,100000,100000,100000,100000,100000,100000,100000,100000,100000,100000,100000,100000,100000,100000,100000,100000,100000,100000,100000,100000,100000,100000,100000,100000,100000,100000,100000,100000,100000,100000,100000,100000,100000,100000,100000,
100000,100000,100000,100000,100000,100000,100000,100000,100000,100000,100000,100000,100000,100000,100000,100000,100000,100000,100000,100000,100000,100000,100000,100000,100000,100000,100000,100000,100000,100000,100000,100000,100000,100000,100000,100000,100000,100000,100000,100000,100000,100000,100000,100000,100000,100000,100000,100000,100000,100000,
100000,100000,100000,100000,100000,100000,100000,100000,100000,100000,100000,100000,100000,100000,100000,100000,100000,100000,100000,100000,100000,100000,100000,100000,100000,100000,100000,100000,100000,100000,100000,100000,100000,100000,100000,100000,100000,100000,100000,100000,100000,100000,100000,100000,100000,100000,100000,100000,100000,100000,
100000,100000,100000,100000,100000,100000,100000,100000,100000,100000,100000,100000,100000,100000,100000,100000,100000,100000,100000,100000,100000,100000,100000,100000,100000,100000,100000,100000,100000,100000,100000,100000,100000,100000,100000,100000,100000,100000,100000,100000,100000,100000,100000,100000,100000,100000,100000,100000,100000,100000,
100000,100000,100000,100000,100000,100000,100000,100000,100000,100000,100000,100000,100000,100000,100000,100000,100000,100000,100000,100000,100000,100000,100000,100000,100000,100000,100000,100000,100000,100000,100000,100000,100000,100000,100000,100000,100000,100000,100000,100000,100000,100000,100000,100000,100000,100000,100000,100000,100000,100000,
100000,100000,100000,100000,100000,100000,100000,100000,100000,100000,100000,100000,100000,100000,100000,100000,100000,100000,100000,100000,100000,100000,100000,100000,100000,100000,100000,100000,100000,100000,100000,100000,100000,100000,100000,100000,100000,100000,100000,100000,100000,100000,100000,100000,100000,100000,100000,100000,100000,100000,
100000,100000,100000,100000,100000,100000,100000,100000,100000,100000,100000,100000,100000,100000,100000,100000,100000,100000,100000,100000,100000,100000,100000,100000,100000,100000,100000,100000,100000,100000,100000,100000,100000,100000,100000,100000,100000,100000,100000,100000,100000,100000,100000,100000,100000,100000,100000,100000,100000,100000,
100000,100000,100000,100000,100000,100000,100000,100000,100000,100000,100000,100000,100000,100000,100000,100000,100000,100000,100000,100000,100000,100000,100000,100000,100000,100000,100000,100000,100000,100000,100000,100000,100000,100000,100000,100000,100000,100000,100000,100000,100000,100000,100000,100000,100000,100000,100000,100000,100000,100000,
100000,100000,100000,100000,100000,100000,100000,100000,100000,100000,100000,100000,100000,100000,100000,100000,100000,100000,100000,100000,100000,100000,100000,100000,100000,100000,100000,100000,100000,100000,100000,100000,100000,100000,100000,100000,100000,100000,100000,100000,100000,100000,100000,100000,100000,100000,100000,100000,100000,100000,
100000,100000,100000,100000,100000,100000,100000,100000,100000,100000,100000,100000,100000,100000,100000,100000,100000,100000,100000,100000,100000,100000,100000,100000,100000,100000,100000,100000,100000,100000,100000,100000,100000,100000,100000,100000,100000,100000,100000,100000,100000,100000,100000,100000,100000,100000,100000,100000,100000,100000,
100000,100000,100000,100000,100000,100000,100000,100000,100000,100000,104444,104444,104444,104444,104444,104444,104444,104444,104444,104444,104444,104444,104444,104444,104444,104444,104444,104444,104444,104444,104444,104444,104444,104444,104444,104444,104444,104444,104444,104444,100000,100000,100000,100000,100000,100000,100000,100000,100000,100000,
100000,100000,100000,100000,100000,100000,100000,100000,100000,100000,104444,104444,104444,104444,104444,104444,104444,104444,104444,104444,104444,104444,104444,104444,104444,104444,104444,104444,104444,104444,104444,104444,104444,104444,104444,104444,104444,104444,104444,104444,100000,100000,100000,100000,100000,100000,100000,100000,100000,100000,
100000,100000,100000,100000,100000,100000,100000,100000,100000,100000,104444,104444,104444,104444,104444,104444,104444,104444,104444,104444,104444,104444,104444,104444,104444,104444,104444,104444,104444,104444,104444,104444,104444,104444,104444,104444,104444,104444,104444,104444,100000,100000,100000,100000,100000,100000,100000,100000,100000,100000,
100000,100000,100000,100000,100000,100000,100000,100000,100000,100000,104444,104444,104444,104444,104444,104444,104444,104444,104444,104444,104444,104444,104444,104444,104444,104444,104444,104444,104444,104444,104444,104444,104444,104444,104444,104444,104444,104444,104444,104444,100000,100000,100000,100000,100000,100000,100000,100000,100000,100000,
100000,100000,100000,100000,100000,100000,100000,100000,100000,100000,104444,104444,104444,104444,104444,104444,104444,104444,104444,104444,104444,104444,104444,104444,104444,104444,104444,104444,104444,104444,104444,104444,104444,104444,104444,104444,104444,104444,104444,104444,100000,100000,100000,100000,100000,100000,100000,100000,100000,100000,
100000,100000,100000,100000,100000,100000,100000,100000,100000,100000,104444,104444,104444,104444,104444,104444,104444,104444,104444,104444,104444,104444,104444,104444,104444,104444,104444,104444,104444,104444,104444,104444,104444,104444,104444,104444,104444,104444,104444,104444,100000,100000,100000,100000,100000,100000,100000,100000,100000,100000,
100000,100000,100000,100000,100000,100000,100000,100000,100000,100000,104444,104444,104444,104444,104444,104444,104444,104444,104444,104444,104444,104444,104444,104444,104444,104444,104444,104444,104444,104444,104444,104444,104444,104444,104444,104444,104444,104444,104444,104444,100000,100000,100000,100000,100000,100000,100000,100000,100000,100000,
100000,100000,100000,100000,100000,100000,100000,100000,100000,100000,104444,104444,104444,104444,104444,104444,104444,104444,104444,104444,104444,104444,104444,104444,104444,104444,104444,104444,104444,104444,104444,104444,104444,104444,104444,104444,104444,104444,104444,104444,100000,100000,100000,100000,100000,100000,100000,100000,100000,100000,
100000,100000,100000,100000,100000,100000,100000,100000,100000,100000,104444,104444,104444,104444,104444,104444,104444,104444,104444,104444,104444,104444,104444,104444,104444,104444,104444,104444,104444,104444,104444,104444,104444,104444,104444,104444,104444,104444,104444,104444,100000,100000,100000,100000,100000,100000,100000,100000,100000,100000,
100000,100000,100000,100000,100000,100000,100000,100000,100000,100000,104444,104444,104444,104444,104444,104444,104444,104444,104444,104444,104444,104444,104444,104444,104444,104444,104444,104444,104444,104444,104444,104444,104444,104444,104444,104444,104444,104444,104444,104444,100000,100000,100000,100000,100000,100000,100000,100000,100000,100000,
100000,100000,100000,100000,100000,100000,100000,100000,100000,100000,104444,104444,104444,104444,104444,104444,104444,104444,104444,104444,104444,104444,104444,104444,104444,104444,104444,104444,104444,104444,104444,104444,104444,104444,104444,104444,104444,104444,104444,104444,100000,100000,100000,100000,100000,100000,100000,100000,100000,100000,
100000,100000,100000,100000,100000,100000,100000,100000,100000,100000,104444,104444,104444,104444,104444,104444,104444,104444,104444,104444,104444,104444,104444,104444,104444,104444,104444,104444,104444,104444,104444,104444,104444,104444,104444,104444,104444,104444,104444,104444,100000,100000,100000,100000,100000,100000,100000,100000,100000,100000,
100000,100000,100000,100000,100000,100000,100000,100000,100000,100000,104444,104444,104444,104444,104444,104444,104444,104444,104444,104444,104444,104444,104444,104444,104444,104444,104444,104444,104444,104444,104444,104444,104444,104444,104444,104444,104444,104444,104444,104444,100000,100000,100000,100000,100000,100000,100000,100000,100000,100000,
100000,100000,100000,100000,100000,100000,100000,100000,100000,100000,104444,104444,104444,104444,104444,104444,104444,104444,104444,104444,104444,104444,104444,104444,104444,104444,104444,104444,104444,104444,104444,104444,104444,104444,104444,104444,104444,104444,104444,104444,100000,100000,100000,100000,100000,100000,100000,100000,100000,100000,
100000,100000,100000,100000,100000,100000,100000,100000,100000,100000,104444,104444,104444,104444,104444,104444,104444,104444,104444,104444,104444,104444,104444,104444,104444,104444,104444,104444,104444,104444,104444,104444,104444,104444,104444,104444,104444,104444,104444,104444,100000,100000,100000,100000,100000,100000,100000,100000,100000,100000,
100000,100000,100000,100000,100000,100000,100000,100000,100000,100000,104444,104444,104444,104444,104444,104444,104444,104444,104444,104444,104444,104444,104444,104444,104444,104444,104444,104444,104444,104444,104444,104444,104444,104444,104444,104444,104444,104444,104444,104444,100000,100000,100000,100000,100000,100000,100000,100000,100000,100000,
100000,100000,100000,100000,100000,100000,100000,100000,100000,100000,104444,104444,104444,104444,104444,104444,104444,104444,104444,104444,104444,104444,104444,104444,104444,104444,104444,104444,104444,104444,104444,104444,104444,104444,104444,104444,104444,104444,104444,104444,100000,100000,100000,100000,100000,100000,100000,100000,100000,100000,
100000,100000,100000,100000,100000,100000,100000,100000,100000,100000,104444,104444,104444,104444,104444,104444,104444,104444,104444,104444,104444,104444,104444,104444,104444,104444,104444,104444,104444,104444,104444,104444,104444,104444,104444,104444,104444,104444,104444,104444,100000,100000,100000,100000,100000,100000,100000,100000,100000,100000,
100000,100000,100000,100000,100000,100000,100000,100000,100000,100000,104444,104444,104444,104444,104444,104444,104444,104444,104444,104444,104444,104444,104444,104444,104444,104444,104444,104444,104444,104444,104444,104444,104444,104444,104444,104444,104444,104444,104444,104444,100000,100000,100000,100000,100000,100000,100000,100000,100000,100000,
100000,100000,100000,100000,100000,100000,100000,100000,100000,100000,104444,104444,104444,104444,104444,104444,104444,104444,104444,104444,104444,104444,104444,104443,104422,104434,104444,104444,104444,104444,104444,104444,104444,104444,104444,104444,104444,104444,104444,104444,100000,100000,100000,100000,100000,100000,100000,100000,100000,100000,
100000,100000,100000,100000,100000,100000,100000,100000,100000,100000,104444,104444,104444,104444,104444,104444,104444,104444,104444,104444,104444,104444,104444,104141,487,101414,104444,104444,104444,104444,104444,104444,104444,104444,104444,104444,104444,104444,104444,104444,100000,100000,100000,100000,100000,100000,100000,100000,100000,100000,
100000,100000,100000,100000,100000,100000,100000,100000,100000,100000,104444,104444,104444,104444,104444,104444,104444,104444,104444,104444,104444,104444,104444,104141,495,101414,104444,104444,104444,104444,104444,104444,104444,104444,104444,104444,104444,104444,104444,104444,100000,100000,100000,100000,100000,100000,100000,100000,100000,100000,
100000,100000,100000,100000,100000,100000,100000,100000,100000,100000,104444,104444,104444,104444,104444,104444,104444,104444,104444,104444,104444,104444,104444,104344,102244,103444,104444,104444,104444,104444,104444,104444,104444,104444,104444,104444,104444,104444,104444,104444,100000,100000,100000,100000,100000,100000,100000,100000,100000,100000,
100000,100000,100000,100000,100000,100000,100000,100000,100000,100000,100000,100000,100000,100000,100000,100000,100000,100000,100000,100000,100000,100000,104443,104422,104422,104422,104434,100000,100000,100000,100000,100000,100000,100000,100000,100000,100000,100000,100000,100000,100000,100000,100000,100000,100000,100000,100000,100000,100000,100000,
100000,100000,100000,100000,100000,100000,100000,100000,100000,100000,100000,100000,100000,100000,100000,100000,100000,100000,100000,100000,100000,100000,104141,249,250,251,101414,100000,100000,100000,100000,100000,100000,100000,100000,100000,100000,100000,100000,100000,100000,100000,100000,100000,100000,100000,100000,100000,100000,100000,
100000,100000,100000,100000,100000,100000,100000,100000,100000,100000,100000,100000,100000,100000,100000,100000,100000,100000,100000,100000,100000,100000,104141,249,250,251,101414,100000,100000,100000,100000,100000,100000,100000,100000,100000,100000,100000,100000,100000,100000,100000,100000,100000,100000,100000,100000,100000,100000,100000,
100000,100000,100000,100000,100000,100000,100000,100000,100000,100000,100000,100000,100000,100000,100000,100000,100000,100000,100000,100000,100000,100000,104141,249,250,251,101414,100000,100000,100000,100000,100000,100000,100000,100000,100000,100000,100000,100000,100000,100000,100000,100000,100000,100000,100000,100000,100000,100000,100000,
100000,100000,100000,100000,100000,100000,100000,100000,100000,100000,100000,100000,100000,100000,100000,100000,100000,100000,100000,100000,100000,100000,104141,249,250,251,101414,100000,100000,100000,100000,100000,100000,100000,100000,100000,100000,100000,100000,100000,100000,100000,100000,100000,100000,100000,100000,100000,100000,100000,
100000,100000,100000,100000,100000,100000,100000,100000,100000,100000,100000,100000,100000,100000,100000,100000,100000,100000,100000,100000,100000,100000,104141,249,250,251,101414,100000,100000,100000,100000,100000,100000,100000,100000,100000,100000,100000,100000,100000,100000,100000,100000,100000,100000,100000,100000,100000,100000,100000,
100000,100000,100000,100000,100000,100000,100000,100000,100000,100000,100000,100000,100000,100000,100000,100000,100000,100000,100000,100000,100000,100000,104141,257,258,259,101414,100000,100000,100000,100000,100000,100000,100000,100000,100000,100000,100000,100000,100000,100000,100000,100000,100000,100000,100000,100000,100000,100000,100000,
100000,100000,100000,100000,100000,100000,100000,100000,100000,100000,100000,100000,100000,100000,100000,100000,100000,100000,100000,100000,100000,100000,104344,102244,102244,102244,103444,100000,100000,100000,100000,100000,100000,100000,100000,100000,100000,100000,100000,100000,100000,100000,100000,100000,100000,100000,100000,100000,100000,100000,
100000,100000,100000,100000,100000,100000,100000,100000,100000,100000,100000,100000,100000,100000,100000,100000,100000,100000,100000,100000,100000,100000,100000,100000,100000,100000,100000,100000,100000,100000,100000,100000,100000,100000,100000,100000,100000,100000,100000,100000,100000,100000,100000,100000,100000,100000,100000,100000,100000,100000,
100000,100000,100000,100000,100000,100000,100000,100000,100000,100000,100000,100000,100000,100000,100000,100000,100000,100000,100000,100000,100000,100000,100000,100000,100000,100000,100000,100000,100000,100000,100000,100000,100000,100000,100000,100000,100000,100000,100000,100000,100000,100000,100000,100000,100000,100000,100000,100000,100000,100000,
100000,100000,100000,100000,100000,100000,100000,100000,100000,100000,100000,100000,100000,100000,100000,100000,100000,100000,100000,100000,100000,100000,100000,100000,100000,100000,100000,100000,100000,100000,100000,100000,100000,100000,100000,100000,100000,100000,100000,100000,100000,100000,100000,100000,100000,100000,100000,100000,100000,100000,
100000,100000,100000,100000,100000,100000,100000,100000,100000,100000,100000,100000,100000,100000,100000,100000,100000,100000,100000,100000,100000,100000,100000,100000,100000,100000,100000,100000,100000,100000,100000,100000,100000,100000,100000,100000,100000,100000,100000,100000,100000,100000,100000,100000,100000,100000,100000,100000,100000,100000,
100000,100000,100000,100000,100000,100000,100000,100000,100000,100000,100000,100000,100000,100000,100000,100000,100000,100000,100000,100000,100000,100000,100000,100000,100000,100000,100000,100000,100000,100000,100000,100000,100000,100000,100000,100000,100000,100000,100000,100000,100000,100000,100000,100000,100000,100000,100000,100000,100000,100000,
100000,100000,100000,100000,100000,100000,100000,100000,100000,100000,100000,100000,100000,100000,100000,100000,100000,100000,100000,100000,100000,100000,100000,100000,100000,100000,100000,100000,100000,100000,100000,100000,100000,100000,100000,100000,100000,100000,100000,100000,100000,100000,100000,100000,100000,100000,100000,100000,100000,100000,
100000,100000,100000,100000,100000,100000,100000,100000,100000,100000,100000,100000,100000,100000,100000,100000,100000,100000,100000,100000,100000,100000,100000,100000,100000,100000,100000,100000,100000,100000,100000,100000,100000,100000,100000,100000,100000,100000,100000,100000,100000,100000,100000,100000,100000,100000,100000,100000,100000,100000,
100000,100000,100000,100000,100000,100000,100000,100000,100000,100000,100000,100000,100000,100000,100000,100000,100000,100000,100000,100000,100000,100000,100000,100000,100000,100000,100000,100000,100000,100000,100000,100000,100000,100000,100000,100000,100000,100000,100000,100000,100000,100000,100000,100000,100000,100000,100000,100000,100000,100000,
100000,100000,100000,100000,100000,100000,100000,100000,100000,100000,100000,100000,100000,100000,100000,100000,100000,100000,100000,100000,100000,100000,100000,100000,100000,100000,100000,100000,100000,100000,100000,100000,100000,100000,100000,100000,100000,100000,100000,100000,100000,100000,100000,100000,100000,100000,100000,100000,100000,100000,
[MAPLAYER_3_END]
[--MAP_END--]
----------
[EVENTDATA_TEXT_OUTPUT]
EVENT_NUM=3
-----
EVENT_ID=0
EVENT_NAME=
EVENT_X=24
EVENT_Y=49
EVENT_PAGE=2
OPTION_DATA_NUM=0
EVENT_PAGE_NUM=2
EVENT_PAGE=0
EVENT_TILE_ID=-1
GRAPHIC_FILENAME=
EVENT_DIRECTION=2
EVENT_PATTERN=1
EVENT_OPACITY=255
EVENT_BLENDTYPE=0
EVENT_TRIGGER_TYPE=3
EVENT_CONDITION_0_USE=32
EVENT_CONDITION_TARGET_0=1000000
EVENT_CONDITION_VALUE_0=0
EVENT_CONDITION_1_USE=32
EVENT_CONDITION_TARGET_1=1000000
EVENT_CONDITION_VALUE_1=0
EVENT_CONDITION_2_USE=32
EVENT_CONDITION_TARGET_2=1000000
EVENT_CONDITION_VALUE_2=0
EVENT_CONDITION_3_USE=32
EVENT_CONDITION_TARGET_3=1000000
EVENT_CONDITION_VALUE_3=0
ANIME_SPEED=3
MOVE_SPEED=3
MOVE_FREQUENCY=3
MOVE_TYPE=0
CHARA_OPTION_FLAG=35
ROUTE_OPTION_FLAG=2
ROUTE_COMMAND_NUM=0
OPTION_VAL_NUM=3
OPTION_VAL_0=0
OPTION_VAL_1=2
OPTION_VAL_2=0
COMMAND_NUM=3
--
WoditorEvCOMMAND_START
[130][5,0]<0>(-1,11,1,22,32)()
[151][2,0]<0>(1323650,0)()
[0][0,0]<0>()()
WoditorEvCOMMAND_END
--
[COMMAND_TEXT_START]
■場所移動：主人公 ▲マップID22[1F 東渡り廊下] X:11 Y:1  [ﾄﾗﾝｼﾞｼｮﾝ + 暗転有り]
■色調変更： R130 G50 B20 / 0ﾌﾚｰﾑ
■
[COMMAND_TEXT_END]
EVENT_PAGE=1
EVENT_TILE_ID=-1
GRAPHIC_FILENAME=
EVENT_DIRECTION=2
EVENT_PATTERN=1
EVENT_OPACITY=255
EVENT_BLENDTYPE=0
EVENT_TRIGGER_TYPE=3
EVENT_CONDITION_0_USE=33
EVENT_CONDITION_TARGET_0=2000004
EVENT_CONDITION_VALUE_0=1
EVENT_CONDITION_1_USE=32
EVENT_CONDITION_TARGET_1=1000000
EVENT_CONDITION_VALUE_1=0
EVENT_CONDITION_2_USE=32
EVENT_CONDITION_TARGET_2=1000000
EVENT_CONDITION_VALUE_2=0
EVENT_CONDITION_3_USE=32
EVENT_CONDITION_TARGET_3=1000000
EVENT_CONDITION_VALUE_3=0
ANIME_SPEED=3
MOVE_SPEED=3
MOVE_FREQUENCY=3
MOVE_TYPE=0
CHARA_OPTION_FLAG=35
ROUTE_OPTION_FLAG=2
ROUTE_COMMAND_NUM=0
OPTION_VAL_NUM=3
OPTION_VAL_0=0
OPTION_VAL_1=0
OPTION_VAL_2=0
COMMAND_NUM=2
--
WoditorEvCOMMAND_START
[130][5,0]<0>(-1,11,1,24,32)()
[0][0,0]<0>()()
WoditorEvCOMMAND_END
--
[COMMAND_TEXT_START]
■場所移動：主人公 ▲マップID24[資料室] X:11 Y:1  [ﾄﾗﾝｼﾞｼｮﾝ + 暗転有り]
■
[COMMAND_TEXT_END]
-----
EVENT_ID=1
EVENT_NAME=
EVENT_X=24
EVENT_Y=31
EVENT_PAGE=1
OPTION_DATA_NUM=0
EVENT_PAGE_NUM=1
EVENT_PAGE=0
EVENT_TILE_ID=-1
GRAPHIC_FILENAME=
EVENT_DIRECTION=2
EVENT_PATTERN=1
EVENT_OPACITY=255
EVENT_BLENDTYPE=0
EVENT_TRIGGER_TYPE=3
EVENT_CONDITION_0_USE=32
EVENT_CONDITION_TARGET_0=1000000
EVENT_CONDITION_VALUE_0=0
EVENT_CONDITION_1_USE=32
EVENT_CONDITION_TARGET_1=1000000
EVENT_CONDITION_VALUE_1=0
EVENT_CONDITION_2_USE=32
EVENT_CONDITION_TARGET_2=1000000
EVENT_CONDITION_VALUE_2=0
EVENT_CONDITION_3_USE=32
EVENT_CONDITION_TARGET_3=1000000
EVENT_CONDITION_VALUE_3=0
ANIME_SPEED=3
MOVE_SPEED=3
MOVE_FREQUENCY=3
MOVE_TYPE=0
CHARA_OPTION_FLAG=35
ROUTE_OPTION_FLAG=2
ROUTE_COMMAND_NUM=0
OPTION_VAL_NUM=3
OPTION_VAL_0=0
OPTION_VAL_1=0
OPTION_VAL_2=0
COMMAND_NUM=5
--
WoditorEvCOMMAND_START
[140][6,1]<0>(33554464,0,0,0,100,100)("nobihazaSE/ドア開け2.ogg")
[210][2,0]<0>(500252,0)()
[130][5,0]<0>(-1,13,14,27,32)()
[140][6,1]<0>(33554464,0,0,0,100,100)("nobihazaSE/ドア閉め2.ogg")
[0][0,0]<0>()()
WoditorEvCOMMAND_END
--
[COMMAND_TEXT_START]
■サウンド：SE ﾌｧｲﾙ[nobihazaSE/ドア開け2.ogg] 音 100％ 周 100％ (0 ﾁｬﾝﾈﾙ) 再生 / 遅延：0ﾌﾚｰﾑ
■イベントの挿入： コモン252：[ 乱数 ]
■場所移動：主人公 ▲マップID27[西 北舎行き通路] X:13 Y:14  [ﾄﾗﾝｼﾞｼｮﾝ + 暗転有り]
■サウンド：SE ﾌｧｲﾙ[nobihazaSE/ドア閉め2.ogg] 音 100％ 周 100％ (0 ﾁｬﾝﾈﾙ) 再生 / 遅延：0ﾌﾚｰﾑ
■
[COMMAND_TEXT_END]
-----
EVENT_ID=2
EVENT_NAME=CharaChip/剣士.png
EVENT_X=24
EVENT_Y=39
EVENT_PAGE=2
OPTION_DATA_NUM=0
EVENT_PAGE_NUM=2
EVENT_PAGE=0
EVENT_TILE_ID=-1
GRAPHIC_FILENAME=CharaChip/剣士.png
EVENT_DIRECTION=2
EVENT_PATTERN=1
EVENT_OPACITY=255
EVENT_BLENDTYPE=0
EVENT_TRIGGER_TYPE=0
EVENT_CONDITION_0_USE=32
EVENT_CONDITION_TARGET_0=1000000
EVENT_CONDITION_VALUE_0=0
EVENT_CONDITION_1_USE=32
EVENT_CONDITION_TARGET_1=1000000
EVENT_CONDITION_VALUE_1=0
EVENT_CONDITION_2_USE=32
EVENT_CONDITION_TARGET_2=1000000
EVENT_CONDITION_VALUE_2=0
EVENT_CONDITION_3_USE=32
EVENT_CONDITION_TARGET_3=1000000
EVENT_CONDITION_VALUE_3=0
ANIME_SPEED=3
MOVE_SPEED=3
MOVE_FREQUENCY=3
MOVE_TYPE=0
CHARA_OPTION_FLAG=35
ROUTE_OPTION_FLAG=2
ROUTE_COMMAND_NUM=0
OPTION_VAL_NUM=3
OPTION_VAL_0=0
OPTION_VAL_1=0
OPTION_VAL_2=0
COMMAND_NUM=16
--
WoditorEvCOMMAND_START
[101][0,1]<0>()("むむ！")
[101][0,1]<0>()("怪しいやつがいる")
[101][0,1]<0>()("...")
[101][0,1]<0>()("暴走しないみたいだ")
[101][0,1]<0>()("いまは非常事態だし特別に侵入を<\n>許可する")
[201][1,0]<0>(-1)()(2,[3],[3],[3],[3],[3],[3],[3])
[180][1,0]<0>(120)()
[140][6,1]<0>(33554464,0,0,0,100,100)("nobihazaSE/ドア開け2.ogg")
[180][1,0]<0>(40)()
[140][6,1]<0>(33554464,0,0,0,100,100)("nobihazaSE/ドア閉め2.ogg")
[180][1,0]<0>(10)()
[121][4,0]<0>(1100000,1,0,0)()
[151][2,0]<0>(0,10)()
[180][1,0]<0>(20)()
[151][2,0]<0>(6579300,10)()
[0][0,0]<0>()()
WoditorEvCOMMAND_END
--
[COMMAND_TEXT_START]
■文章:むむ！
■文章:怪しいやつがいる
■文章:...
■文章:暴走しないみたいだ
■文章:いまは非常事態だし特別に侵入を\n許可する
■動作指定：[ｽｷｯﾌﾟ]  このイベント / 上 / 上 / 上 / 上 / 上 / 上 / 上
■ウェイト：120 フレーム
■サウンド：SE ﾌｧｲﾙ[nobihazaSE/ドア開け2.ogg] 音 100％ 周 100％ (0 ﾁｬﾝﾈﾙ) 再生 / 遅延：0ﾌﾚｰﾑ
■ウェイト：40 フレーム
■サウンド：SE ﾌｧｲﾙ[nobihazaSE/ドア閉め2.ogg] 音 100％ 周 100％ (0 ﾁｬﾝﾈﾙ) 再生 / 遅延：0ﾌﾚｰﾑ
■ウェイト：10 フレーム
■変数操作: このEvのSelf0 = 1 + 0 
■色調変更： R0 G0 B0 / 10ﾌﾚｰﾑ
■ウェイト：20 フレーム
■色調変更： R100 G100 B100 / 10ﾌﾚｰﾑ
■
[COMMAND_TEXT_END]
EVENT_PAGE=1
EVENT_TILE_ID=-1
GRAPHIC_FILENAME=
EVENT_DIRECTION=2
EVENT_PATTERN=1
EVENT_OPACITY=255
EVENT_BLENDTYPE=0
EVENT_TRIGGER_TYPE=0
EVENT_CONDITION_0_USE=33
EVENT_CONDITION_TARGET_0=1000000
EVENT_CONDITION_VALUE_0=1
EVENT_CONDITION_1_USE=32
EVENT_CONDITION_TARGET_1=1000000
EVENT_CONDITION_VALUE_1=0
EVENT_CONDITION_2_USE=32
EVENT_CONDITION_TARGET_2=1000000
EVENT_CONDITION_VALUE_2=0
EVENT_CONDITION_3_USE=32
EVENT_CONDITION_TARGET_3=1000000
EVENT_CONDITION_VALUE_3=0
ANIME_SPEED=3
MOVE_SPEED=3
MOVE_FREQUENCY=3
MOVE_TYPE=0
CHARA_OPTION_FLAG=35
ROUTE_OPTION_FLAG=2
ROUTE_COMMAND_NUM=0
OPTION_VAL_NUM=3
OPTION_VAL_0=0
OPTION_VAL_1=0
OPTION_VAL_2=0
COMMAND_NUM=1
--
WoditorEvCOMMAND_START
[0][0,0]<0>()()
WoditorEvCOMMAND_END
--
[COMMAND_TEXT_START]
■
[COMMAND_TEXT_END]
