[MAPDATA_TEXT_OUTPUT]
MAPDATA_EXIST=1
TILESET_ID=8
MAP_WIDTH=20
MAP_HEIGHT=15
MAPLAYER=3
[--MAP_START--]
[MAPLAYER_1_START]
100000,100000,100000,100000,100000,100000,100000,100000,100000,100000,100000,100000,100000,100000,100000,100000,100000,100000,100000,100000,
100000,100000,100000,100000,100000,100000,100000,100000,100000,100000,100000,100000,100000,100000,100000,100000,100000,100000,100000,100000,
100000,100000,100000,104443,104422,104422,104422,104422,104422,104422,104422,104422,104422,104422,104422,104422,104422,104422,104422,104434,
100000,100000,100000,104141,1510,1532,1532,1532,1532,1532,1532,1532,1532,1518,1510,1532,1532,1532,1518,101414,
100000,100000,100000,104141,1525,1610,1611,1553,1553,1553,1553,1553,1553,1523,1525,1553,1553,1553,1523,101414,
100000,100000,100000,104141,1525,1618,1619,1561,1561,1762,1620,1621,1653,1523,1525,1561,1561,1561,1523,101414,
100000,100000,100000,104141,1525,1626,1627,1716,1603,1770,1628,1629,1661,1531,1533,1603,1603,1603,1523,101414,
100000,100000,100000,104141,1525,1603,1603,1603,1603,1603,1603,1603,1603,1552,1554,1603,1603,1603,1523,101414,
100000,100000,100000,104141,1525,1603,1603,1603,1603,1603,1603,1603,1603,1560,1562,1603,1603,1603,1523,101414,
100000,100000,100000,104141,1525,1603,1483,1484,1484,1485,1603,1603,1603,1603,1603,1603,1603,1603,1523,101414,
100000,100000,100000,104141,1525,1603,1499,1500,1500,1501,1603,1603,1603,1515,1516,1516,1516,1516,1509,101414,
100000,100000,100000,104141,1525,1603,1603,1603,1603,1603,1603,1603,1603,1523,100214,102244,102244,102244,102244,103444,
100000,100000,100000,104141,1525,1603,1603,1603,1603,1603,1603,1603,1603,1523,101414,100000,100000,100000,100000,100000,
100000,100000,100000,104141,1511,1516,1516,1516,1517,1603,1515,1516,1516,1509,101414,100000,100000,100000,100000,100000,
100000,100000,100000,104344,102244,102244,102244,102041,1525,1603,1523,100214,102244,102244,103444,100000,100000,100000,100000,100000,
[MAPLAYER_1_END]
[MAPLAYER_2_START]
100000,100000,100000,100000,100000,100000,100000,100000,100000,100000,100000,100000,100000,100000,100000,100000,100000,100000,100000,100000,
100000,100000,100000,100000,100000,100000,100000,100000,100000,100000,100000,100000,100000,100000,100000,100000,100000,100000,100000,100000,
100000,100000,100000,100000,100000,100000,100000,100000,100000,100000,100000,100000,100000,100000,100000,100000,100000,100000,100000,100000,
100000,100000,100000,100000,100000,100000,100000,104443,104422,104422,104434,100000,100000,100000,100000,104443,104422,104422,104434,100000,
100000,100000,100000,100000,100000,100000,100000,104141,1809,1810,101414,100000,100000,100000,100000,104141,1730,1731,101414,100000,
100000,100000,100000,100000,100000,100000,100000,104344,102244,102244,103444,100000,100000,100000,100000,104141,1738,1739,101414,100000,
100000,100000,100000,100000,100000,100000,100000,100000,104443,104422,104422,104422,104434,100000,100000,104344,102244,102244,103444,100000,
100000,100000,100000,100000,100000,100000,104443,104422,104131,1763,1764,1765,101414,100000,100000,100000,100000,100000,100000,100000,
100000,100000,100000,100000,100000,100000,104141,1754,101314,102244,102244,102244,103444,100000,100000,100000,100000,100000,100000,100000,
100000,100000,100000,100000,100000,100000,104344,102244,103444,100000,100000,100000,100000,100000,100000,100000,100000,100000,100000,100000,
100000,100000,100000,100000,100000,100000,100000,104443,104422,104434,100000,104443,104422,104434,100000,100000,100000,100000,100000,100000,
100000,100000,100000,100000,100000,100000,100000,104141,1746,101414,100000,104141,1877,101414,100000,100000,100000,100000,100000,100000,
100000,100000,100000,100000,100000,100000,100000,104344,102244,103444,100000,104141,1885,101414,100000,100000,100000,100000,100000,100000,
100000,100000,100000,100000,100000,100000,100000,100000,100000,100000,100000,104344,102244,103444,100000,100000,100000,100000,100000,100000,
100000,100000,100000,100000,100000,100000,100000,100000,100000,100000,100000,100000,100000,100000,100000,100000,100000,100000,100000,100000,
[MAPLAYER_2_END]
[MAPLAYER_3_START]
100000,100000,100000,100000,100000,100000,100000,100000,100000,100000,100000,100000,100000,100000,100000,100000,100000,100000,100000,100000,
100000,100000,100000,100000,100000,100000,100000,100000,100000,100000,100000,100000,100000,100000,100000,100000,100000,100000,100000,100000,
100000,100000,100000,100000,100000,100000,100000,100000,100000,100000,100000,100000,100000,100000,100000,100000,100000,100000,100000,100000,
100000,100000,100000,100000,100000,100000,100000,100000,100000,100000,100000,100000,100000,100000,100000,100000,100000,100000,100000,100000,
100000,100000,100000,100000,100000,100000,100000,100000,100000,100000,100000,100000,100000,100000,100000,100000,100000,100000,100000,100000,
100000,100000,100000,100000,100000,100000,100000,100000,100000,100000,100000,100000,100000,100000,100000,100000,100000,100000,100000,100000,
100000,100000,100000,100000,100000,100000,100000,100000,100000,100000,100000,100000,100000,100000,100000,100000,100000,100000,100000,100000,
100000,100000,100000,100000,100000,100000,100000,100000,100000,100000,100000,100000,100000,100000,100000,100000,100000,100000,100000,100000,
100000,100000,100000,100000,100000,100000,100000,100000,100000,100000,100000,100000,100000,100000,100000,100000,100000,100000,100000,100000,
100000,100000,100000,100000,100000,100000,100000,100000,100000,100000,100000,100000,100000,100000,100000,100000,100000,100000,100000,100000,
100000,100000,100000,100000,100000,100000,100000,100000,100000,100000,100000,100000,100000,100000,100000,100000,100000,100000,100000,100000,
100000,100000,100000,100000,100000,100000,100000,100000,100000,100000,100000,100000,100000,100000,100000,100000,100000,100000,100000,100000,
100000,100000,100000,100000,100000,100000,100000,100000,100000,100000,100000,100000,100000,100000,100000,100000,100000,100000,100000,100000,
100000,100000,100000,100000,100000,100000,100000,100000,100000,100000,100000,100000,100000,100000,100000,100000,100000,100000,100000,100000,
100000,100000,100000,100000,100000,100000,100000,100000,100000,100000,100000,100000,100000,100000,100000,100000,100000,100000,100000,100000,
[MAPLAYER_3_END]
[--MAP_END--]
----------
[EVENTDATA_TEXT_OUTPUT]
EVENT_NUM=1
-----
EVENT_ID=0
EVENT_NAME=
EVENT_X=9
EVENT_Y=14
EVENT_PAGE=1
OPTION_DATA_NUM=0
EVENT_PAGE_NUM=1
EVENT_PAGE=0
EVENT_TILE_ID=-1
GRAPHIC_FILENAME=
EVENT_DIRECTION=2
EVENT_PATTERN=1
EVENT_OPACITY=255
EVENT_BLENDTYPE=0
EVENT_TRIGGER_TYPE=3
EVENT_CONDITION_0_USE=32
EVENT_CONDITION_TARGET_0=1000000
EVENT_CONDITION_VALUE_0=0
EVENT_CONDITION_1_USE=32
EVENT_CONDITION_TARGET_1=1000000
EVENT_CONDITION_VALUE_1=0
EVENT_CONDITION_2_USE=32
EVENT_CONDITION_TARGET_2=1000000
EVENT_CONDITION_VALUE_2=0
EVENT_CONDITION_3_USE=32
EVENT_CONDITION_TARGET_3=1000000
EVENT_CONDITION_VALUE_3=0
ANIME_SPEED=3
MOVE_SPEED=3
MOVE_FREQUENCY=3
MOVE_TYPE=0
CHARA_OPTION_FLAG=35
ROUTE_OPTION_FLAG=2
ROUTE_COMMAND_NUM=0
OPTION_VAL_NUM=3
OPTION_VAL_0=0
OPTION_VAL_1=0
OPTION_VAL_2=0
COMMAND_NUM=3
--
WoditorEvCOMMAND_START
[140][7,0]<0>(3616,0,0,0,0,0,0)()
[130][5,0]<0>(-1,3,5,28,32)()
[0][0,0]<0>()()
WoditorEvCOMMAND_END
--
[COMMAND_TEXT_START]
■サウンド：SE14「ドア開け1」(0 ﾁｬﾝﾈﾙ) 再生 / 遅延：0ﾌﾚｰﾑ
■場所移動：主人公 ▲マップID28[給食室] X:3 Y:5  [ﾄﾗﾝｼﾞｼｮﾝ + 暗転有り]
■
[COMMAND_TEXT_END]
