[MAPDATA_TEXT_OUTPUT]
MAPDATA_EXIST=1
TILESET_ID=0
MAP_WIDTH=50
MAP_HEIGHT=30
MAPLAYER=3
[--MAP_START--]
[MAPLAYER_1_START]
0,0,0,0,0,0,0,0,0,0,0,0,0,0,0,0,0,0,0,0,0,0,0,0,0,0,0,0,0,0,0,0,0,0,0,0,0,0,0,0,0,0,0,0,0,0,0,0,0,0,
0,0,0,0,0,0,0,0,0,0,0,0,0,0,0,0,0,0,0,0,0,0,0,0,0,0,0,0,0,0,0,0,0,0,0,0,0,0,0,0,0,0,0,0,0,0,0,0,0,0,
0,0,0,0,0,0,0,0,0,0,0,0,0,0,0,0,0,0,0,0,0,0,0,0,0,0,0,0,0,0,0,0,0,0,0,0,0,0,0,0,0,0,0,0,0,0,0,0,0,0,
0,0,0,0,0,0,0,0,0,0,0,0,0,0,0,0,0,0,0,0,0,0,0,0,0,0,0,0,0,0,0,0,0,0,0,0,0,0,0,0,0,0,0,0,0,0,0,0,0,0,
0,0,0,0,0,0,0,0,0,0,0,0,0,0,0,0,0,0,0,0,0,0,0,0,0,0,0,0,0,0,0,0,0,0,0,0,0,0,0,0,0,0,0,0,0,0,0,0,0,0,
0,0,0,0,0,0,0,0,0,0,0,0,0,0,0,0,0,0,0,0,0,0,0,0,0,0,0,0,0,0,0,0,0,0,0,0,0,0,0,0,0,0,0,0,0,0,0,0,0,0,
0,0,0,0,0,0,0,0,0,0,0,0,0,0,0,0,0,0,0,0,0,0,0,0,0,0,0,0,0,0,0,0,0,0,0,0,0,0,0,0,0,0,0,0,0,0,0,0,0,0,
0,0,0,0,0,0,0,0,0,0,0,0,0,0,0,0,0,0,0,0,0,0,0,0,0,0,0,0,0,0,0,0,0,0,0,0,0,0,0,0,0,0,0,0,0,0,0,0,0,0,
0,0,0,0,0,0,0,0,0,0,0,0,0,0,0,0,0,0,0,0,0,0,0,0,0,0,0,0,0,0,0,0,0,0,0,0,0,0,0,0,0,0,0,0,0,0,0,0,0,0,
0,0,0,0,0,0,0,0,0,0,0,0,0,0,0,0,0,0,0,0,0,0,0,0,0,0,0,0,0,0,0,0,0,0,0,0,0,0,0,0,0,0,0,0,0,0,0,0,0,0,
0,0,0,0,0,0,0,0,0,0,0,0,0,0,0,0,0,0,0,0,0,0,0,0,0,0,0,0,0,0,0,0,0,0,0,0,0,0,0,0,0,0,0,0,0,0,0,0,0,0,
0,0,0,0,0,0,0,0,0,0,0,0,0,0,0,0,0,0,0,0,0,0,0,0,0,0,0,0,0,0,0,0,0,0,0,0,0,0,0,0,0,0,0,0,0,0,0,0,0,0,
0,0,0,0,0,0,0,0,0,0,0,0,0,0,0,0,0,0,0,0,0,0,0,0,0,0,0,0,0,0,0,0,0,0,0,0,0,0,0,0,0,0,0,0,0,0,0,0,0,0,
0,0,0,0,0,0,0,0,0,0,0,0,0,0,0,0,0,0,0,0,0,0,0,0,0,0,0,0,0,0,0,0,0,0,0,0,0,0,0,0,0,0,0,0,0,0,0,0,0,0,
0,0,0,0,0,0,0,0,0,0,0,0,0,0,0,0,0,0,0,0,0,0,0,0,0,0,0,0,0,0,0,0,0,0,0,0,0,0,0,0,0,0,0,0,0,0,0,0,0,0,
0,0,0,0,0,0,0,0,0,0,0,0,0,0,0,0,0,0,0,0,0,0,0,0,0,0,0,0,0,0,0,0,0,0,0,0,0,0,0,0,0,0,0,0,0,0,0,0,0,0,
0,0,0,0,0,0,0,0,0,0,0,0,0,0,0,0,0,0,0,0,0,0,0,0,0,0,0,0,0,0,0,0,0,0,0,0,0,0,0,0,0,0,0,0,0,0,0,0,0,0,
0,0,0,0,0,0,0,0,0,0,0,0,0,0,0,0,0,0,0,0,0,0,0,0,0,0,0,0,0,0,0,0,0,0,0,0,0,0,0,0,0,0,0,0,0,0,0,0,0,0,
0,0,0,0,0,0,0,0,0,0,0,0,0,0,0,0,0,0,0,0,0,0,0,0,0,0,0,0,0,0,0,0,0,0,0,0,0,0,0,0,0,0,0,0,0,0,0,0,0,0,
0,0,0,0,0,0,0,0,0,0,0,0,0,0,0,0,0,0,0,0,0,0,0,0,0,0,0,0,0,0,0,0,0,0,0,0,0,0,0,0,0,0,0,0,0,0,0,0,0,0,
0,0,0,0,0,0,0,0,0,0,0,0,0,0,0,0,0,0,0,0,0,0,0,0,0,0,0,0,0,0,0,0,0,0,0,0,0,0,0,0,0,0,0,0,0,0,0,0,0,0,
0,0,0,0,0,0,0,0,0,0,0,0,0,0,0,0,0,0,0,0,0,0,0,0,0,0,0,0,0,0,0,0,0,0,0,0,0,0,0,0,0,0,0,0,0,0,0,0,0,0,
0,0,0,0,0,0,0,0,0,0,0,0,0,0,0,0,0,0,0,0,0,0,0,0,0,0,0,0,0,0,0,0,0,0,0,0,0,0,0,0,0,0,0,0,0,0,0,0,0,0,
0,0,0,0,0,0,0,0,0,0,0,0,0,0,0,0,0,0,0,0,0,0,0,0,0,0,0,0,0,0,0,0,0,0,0,0,0,0,0,0,0,0,0,0,0,0,0,0,0,0,
0,0,0,0,0,0,0,0,0,0,0,0,0,0,0,0,0,0,0,0,0,0,0,0,0,0,0,0,0,0,0,0,0,0,0,0,0,0,0,0,0,0,0,0,0,0,0,0,0,0,
0,0,0,0,0,0,0,0,0,0,0,0,0,0,0,0,0,0,0,0,0,0,0,0,0,0,0,0,0,0,0,0,0,0,0,0,0,0,0,0,0,0,0,0,0,0,0,0,0,0,
0,0,0,0,0,0,0,0,0,0,0,0,0,0,0,0,0,0,0,0,0,0,0,0,0,0,0,0,0,0,0,0,0,0,0,0,0,0,0,0,0,0,0,0,0,0,0,0,0,0,
0,0,0,0,0,0,0,0,0,0,0,0,0,0,0,0,0,0,0,0,0,0,0,0,0,0,0,0,0,0,0,0,0,0,0,0,0,0,0,0,0,0,0,0,0,0,0,0,0,0,
0,0,0,0,0,0,0,0,0,0,0,0,0,0,0,0,0,0,0,0,0,0,0,0,0,0,0,0,0,0,0,0,0,0,0,0,0,0,0,0,0,0,0,0,0,0,0,0,0,0,
0,0,0,0,0,0,0,0,0,0,0,0,0,0,0,0,0,0,0,0,0,0,0,0,0,0,0,0,0,0,0,0,0,0,0,0,0,0,0,0,0,0,0,0,0,0,0,0,0,0,
[MAPLAYER_1_END]
[MAPLAYER_2_START]
104444,104444,104444,104444,104444,104444,104444,104444,104141,201402,204434,204444,204443,204120,101414,104444,104444,104444,104444,104443,104422,104422,104434,104444,104444,104444,104444,104443,104422,104422,104434,100000,100000,100000,104141,8,9,101414,100000,100000,100000,100000,100000,100000,100000,104443,104422,104422,104434,100000,
104443,104422,104422,104434,104444,104444,104444,104444,104344,102041,201414,204444,204141,100214,103444,104444,104444,104444,104444,104141,8,9,101414,104443,104422,104422,104434,104141,8,9,101413,104422,104422,104434,104141,16,17,101414,100000,104443,104422,104422,104434,100000,100000,104141,8,9,101414,100000,
104141,8,9,101414,104443,104422,104422,104434,104444,104141,201414,204444,204141,101414,104444,104444,104444,104444,104444,104141,16,17,101414,104141,8,9,101414,104141,16,17,101111,8,9,101414,104344,102243,102222,103422,104434,104141,8,9,101414,100000,100000,104141,16,17,101414,100000,
104141,16,17,101414,104141,8,9,101414,104444,104141,201414,204444,204141,101414,104443,104422,104422,104434,104444,104344,102244,102244,103444,104141,16,17,101414,104344,102244,102244,103141,16,17,101414,100000,104141,8,9,101414,104141,16,17,101414,100000,100000,104344,102244,102244,103444,100000,
104344,102244,102244,103444,104141,16,17,101414,104444,104141,201414,204444,204141,101414,104141,8,9,101414,104444,104444,104444,104444,104444,104344,102244,102243,103422,104422,104434,104444,104343,102222,102222,103434,100000,104141,16,17,101414,104344,102244,102244,103444,100000,100000,100000,100000,100000,100000,100000,
104444,104444,104443,104422,104322,102234,102244,103444,104444,104141,201414,204444,204141,101414,104141,16,17,101414,104444,104443,104422,104422,104434,104444,104444,104141,8,9,101414,104444,104141,8,9,101414,104443,104322,102222,102234,103443,104422,104422,104434,100000,100000,100000,100000,100000,100000,100000,100000,
104422,104422,104131,8,9,101414,104444,104444,104444,104141,201414,204444,204141,101414,104344,102244,102244,103444,104444,104141,8,9,101414,104444,104444,104141,16,17,101414,104444,104141,16,17,101414,104141,8,9,101414,104141,8,9,101414,100000,100000,100000,100000,100000,100000,100000,100000,
8,9,101111,16,17,101414,104444,104444,104444,104141,201414,204444,204141,101414,104444,104444,104444,104444,104444,104141,16,17,101413,104422,104422,104334,102244,102244,103444,104444,104344,102243,102222,103422,104131,16,17,101414,104141,16,17,101414,100000,100000,100000,100000,100000,100000,100000,100000,
16,17,101314,102244,102244,103444,104444,104444,104444,104141,201414,204444,204141,101414,104444,104444,104444,104444,104444,104344,102244,102244,103141,8,9,101414,104444,104443,104422,104422,104434,104141,8,9,101314,102244,102244,103444,104344,102244,102244,103444,100000,100000,100000,100000,100000,100000,100000,100000,
102244,102244,103444,104444,104443,104422,104422,104434,104444,104141,201414,204444,204141,101414,104444,104444,104444,104444,104443,104422,104422,104434,104141,16,17,101414,104444,104141,8,9,101414,104141,16,17,101414,104443,104422,104422,104434,100000,100000,100000,100000,100000,100000,100000,100000,100000,100000,100000,
104444,104444,104444,104444,104141,8,9,101414,104444,104141,201414,204444,204141,101414,104444,104444,104444,104444,104141,8,9,101402,104322,102234,102244,103444,104444,104141,16,17,101413,104322,102222,102234,103444,104141,8,9,101414,100000,100000,100000,100000,100000,100000,100000,100000,100000,100000,100000,
104444,104444,104443,104422,104120,16,17,101414,104444,104141,201414,204444,204141,101414,104444,104444,104444,104444,104141,16,17,8,9,101414,104444,104444,104444,104344,102244,102244,103141,8,9,101414,100000,104141,16,17,101414,104443,104422,104422,104434,100000,100000,100000,100000,100000,100000,100000,
104444,104444,104141,8,9,100214,102244,103444,104444,104141,201414,204444,204141,101414,104444,104444,104444,104444,104344,102244,102041,16,17,101414,104444,104443,104422,104422,104434,104444,104141,16,17,101414,100000,104344,102244,102244,103444,104141,8,9,101414,100000,100000,100000,100000,100000,100000,100000,
104444,104444,104141,16,17,101414,104444,104444,104444,104141,201414,204444,204141,101414,104444,104444,104444,104444,104444,104444,104344,102244,102244,103444,104444,104141,8,9,101414,104444,104344,102244,102244,103444,100000,100000,100000,100000,100000,104141,16,17,101414,100000,100000,100000,100000,100000,100000,100000,
104444,104443,104322,102222,102234,103444,104444,104444,104444,104141,201414,204444,204141,101414,104444,104444,104444,104444,104443,104422,104422,104434,104444,104444,104444,104141,16,17,101414,104444,100000,100000,100000,100000,100000,100000,100000,100000,100000,104344,102244,102244,103444,100000,100000,100000,100000,100000,100000,100000,
104444,104141,8,9,101413,104422,104422,104434,104444,104141,201414,204444,204141,101414,104444,104444,104444,104444,104141,8,9,101414,104444,104444,104444,104141,8,9,101414,104444,100000,100000,100000,104443,104422,104422,104434,100000,100000,100000,100000,100000,100000,100000,100000,100000,100000,100000,100000,100000,
104444,104141,16,17,101111,8,9,101414,104444,104141,201414,204444,204141,101414,104444,104444,104444,104444,104141,16,17,101414,104444,104444,104444,104141,16,17,101414,104443,104422,104422,104434,104141,8,9,101414,100000,104443,104422,104422,104422,104422,104433,104422,104422,104434,100000,100000,100000,
104444,104344,102244,102244,103141,16,17,101414,104444,104141,201414,204444,204141,101414,104444,104444,104444,104444,104344,102244,102244,103444,104444,104444,104444,104344,102244,102244,103444,104141,8,9,101414,104141,16,17,101414,100000,104141,8,9,8,9,101111,8,9,101414,100000,100000,100000,
104444,104444,104444,104444,104344,102244,102244,103444,104444,104141,201414,204444,204141,101414,104444,104443,104422,104422,104434,104444,104444,104444,104444,104444,104444,104444,104444,104444,104444,104141,16,17,101414,104344,102244,102244,103444,100000,104141,16,17,16,17,101111,16,17,101414,100000,100000,100000,
104444,104443,104422,104422,104434,104444,104444,104444,104444,104141,201414,204444,204141,101414,104444,104141,8,9,101414,104444,104444,104444,104444,104443,104422,104422,104434,104444,104444,104343,102222,102222,103434,100000,100000,100000,100000,100000,104344,102244,102244,102244,102243,103322,102222,102234,103443,104422,104422,104434,
104444,104141,8,9,101414,104444,104444,104444,104444,104141,201414,204444,204141,101414,104444,104141,16,17,101414,104444,104444,104444,104444,104141,8,9,101414,104444,104444,104141,8,9,101414,100000,100000,100000,100000,100000,100000,100000,100000,100000,104141,8,9,101414,104141,8,9,101414,
104444,104141,16,17,101413,104422,104422,104434,104444,104141,201414,204444,204141,101414,104444,104344,102244,102244,103444,104444,104444,104444,104444,104141,16,17,101414,104444,104444,104141,16,17,101414,100000,100000,104443,104422,104422,104434,100000,100000,100000,104141,16,17,101414,104141,16,17,101414,
104444,104344,102244,102244,103141,8,9,101414,104444,104141,201414,204444,204141,101414,104444,104444,104444,104444,104444,104444,104444,104444,104444,104344,102244,102244,103444,104444,104444,104344,102244,102244,103444,100000,100000,104141,8,9,101414,100000,100000,100000,104344,102244,102244,103444,104344,102244,102244,103444,
104444,104444,104444,104444,104141,16,17,101414,104444,104141,201414,204444,204141,101414,104444,104444,104444,104444,104444,104444,104444,104444,104444,104444,104444,104444,104444,104444,104444,104444,100000,100000,100000,100000,100000,104141,16,17,101414,100000,100000,100000,100000,100000,100000,100000,100000,100000,100000,100000,
104444,104444,104444,104444,104344,102244,102244,103444,104444,104141,201414,204444,204141,101414,104444,104444,104444,104444,104444,104444,104444,104444,104444,104444,104444,104444,104444,104444,104444,104444,100000,100000,100000,100000,100000,104344,102244,102244,103444,100000,100000,104443,104422,104434,100000,100000,100000,100000,100000,100000,
104444,104444,104444,104444,104444,104444,104444,104444,104444,104141,201414,204444,204141,101414,104444,104444,104444,104444,104444,104444,104444,104444,104444,104444,104444,104444,104444,104444,104444,104444,100000,100000,100000,100000,100000,100000,100000,100000,100000,100000,100000,104141,60,101414,100000,104443,104422,104434,100000,100000,
104444,104444,104444,104444,104444,104444,104444,104444,104444,104141,201414,204444,204141,101414,104444,104444,104444,104444,104444,104444,104444,104444,104444,104444,104444,104444,104444,104444,104444,104444,100000,100000,100000,100000,100000,100000,100000,100000,100000,100000,100000,104344,102244,103444,100000,104141,60,101414,100000,100000,
104444,104444,104444,104444,104444,104444,104444,104444,104444,104141,201414,204444,204141,101414,104444,104444,104444,104444,104444,104444,104444,104444,104444,104444,104444,104444,104444,104444,104444,104444,100000,100000,100000,100000,100000,100000,100000,100000,100000,100000,100000,100000,100000,100000,100000,104344,102244,103444,100000,100000,
104444,104444,104444,104444,104444,104444,104444,104444,104443,104120,201414,204444,204141,101402,104434,104444,104444,104444,104444,104444,104444,104444,104444,104444,104444,104444,104444,104444,104444,104444,100000,100000,100000,100000,100000,100000,100000,100000,100000,100000,100000,100000,100000,100000,100000,100000,100000,100000,100000,100000,
104444,104444,104444,104444,104444,104444,104444,104444,104141,200214,203444,204444,204344,202041,101414,104444,104444,104444,104444,104444,104444,104444,104444,104444,104444,104444,104444,104444,104444,104444,100000,100000,100000,100000,100000,100000,100000,100000,100000,100000,100000,100000,100000,100000,100000,100000,100000,100000,100000,100000,
[MAPLAYER_2_END]
[MAPLAYER_3_START]
100000,100000,100000,104443,104422,104433,104422,104434,100000,100000,100000,100000,100000,100000,100000,100000,100000,100000,100000,100000,100000,100000,100000,100000,100000,100000,100000,100000,100000,100000,100000,100000,100000,100000,100000,100000,100000,100000,100000,100000,100000,100000,104141,51,101414,100000,100000,100000,100000,100000,
100000,100000,100000,104141,51,101111,51,101414,100000,100000,100000,100000,100000,100000,100000,100000,100000,100000,100000,100000,100000,100000,100000,100000,100000,100000,100000,100000,100000,100000,100000,100000,100000,100000,100000,100000,100000,104443,104422,104434,100000,100000,104344,102244,103444,100000,100000,100000,100000,100000,
100000,100000,100000,104344,102244,103344,102244,103444,100000,100000,100000,100000,100000,100000,100000,100000,100000,100000,100000,100000,100000,100000,100000,100000,100000,100000,100000,100000,100000,100000,100000,100000,100000,100000,100000,100000,100000,104141,51,101414,100000,100000,104443,104422,104434,100000,100000,100000,100000,100000,
100000,100000,100000,100000,104444,104444,104444,104444,104444,100000,100000,100000,100000,100000,100000,100000,100000,104443,104422,104434,100000,100000,100000,100000,100000,100000,100000,100000,100000,100000,100000,100000,100000,100000,100000,100000,100000,104344,102244,103444,100000,100000,104141,51,101414,100000,100000,100000,100000,100000,
104443,104422,104422,104434,104444,104444,104443,104422,104434,100000,100000,100000,100000,100000,100000,100000,100000,104141,51,101414,100000,100000,100000,100000,100000,100000,100000,100000,100000,100000,100000,100000,100000,100000,100000,100000,100000,100000,100000,100000,100000,100000,104344,102244,103444,100000,100000,100000,100000,100000,
104141,51,51,101414,104444,104444,104141,51,101414,100000,100000,100000,100000,100000,100000,100000,100000,104344,102244,103444,100000,100000,100000,100000,100000,100000,100000,100000,100000,100000,100000,100000,100000,100000,100000,100000,100000,100000,100000,100000,100000,104443,104422,104422,104434,100000,100000,100000,100000,100000,
104344,102244,102244,103444,100000,100000,104141,51,101414,100000,100000,100000,100000,100000,100000,100000,100000,100000,100000,100000,100000,100000,100000,100000,100000,100000,100000,100000,100000,100000,100000,100000,100000,100000,100000,100000,100000,100000,100000,100000,100000,104141,51,51,101414,100000,100000,100000,100000,100000,
100000,100000,100000,100000,100000,100000,104141,51,101414,100000,100000,100000,100000,100000,100000,100000,100000,104443,104422,104434,100000,100000,100000,100000,100000,100000,100000,100000,100000,100000,100000,100000,100000,100000,100000,100000,100000,100000,100000,100000,100000,104344,102244,102244,103443,104422,104434,100000,100000,100000,
100000,100000,104443,104422,104434,100000,104344,102244,103444,100000,100000,100000,100000,100000,100000,104443,104422,104131,51,101414,100000,100000,100000,100000,100000,100000,100000,100000,100000,100000,100000,100000,100000,100000,100000,100000,100000,100000,100000,100000,100000,100000,100000,100000,104141,51,101414,100000,100000,100000,
100000,100000,104141,51,101414,100000,100000,100000,100000,100000,100000,100000,100000,100000,100000,104141,51,101314,102244,103444,100000,100000,100000,100000,100000,100000,100000,100000,100000,100000,100000,100000,100000,100000,100000,100000,100000,100000,100000,100000,100000,100000,100000,100000,104344,102244,103444,100000,100000,100000,
100000,104443,104322,102234,103444,100000,100000,100000,100000,100000,100000,100000,100000,100000,100000,104344,102244,103444,100000,100000,100000,100000,100000,100000,100000,100000,100000,100000,100000,100000,100000,100000,100000,100000,100000,100000,100000,100000,100000,100000,100000,104443,104422,104434,100000,100000,100000,100000,100000,100000,
100000,104141,51,101414,100000,100000,100000,100000,100000,100000,100000,100000,100000,100000,100000,100000,100000,100000,100000,100000,100000,100000,100000,100000,100000,100000,104443,104422,104434,100000,100000,100000,100000,100000,100000,100000,100000,100000,100000,100000,100000,104141,51,101414,100000,100000,100000,100000,100000,100000,
100000,104344,102244,103444,100000,100000,100000,100000,100000,104444,104444,104444,100000,100000,100000,100000,100000,100000,100000,100000,100000,100000,100000,100000,100000,100000,104141,51,101414,100000,100000,100000,100000,100000,100000,100000,104443,104422,104434,100000,100000,104344,102244,103444,100000,100000,100000,100000,100000,100000,
100000,100000,100000,100000,100000,104443,104422,104434,100000,104444,104444,104444,100000,100000,100000,100000,100000,100000,100000,100000,100000,100000,100000,100000,100000,100000,104344,102244,103443,104422,104434,100000,100000,100000,100000,100000,104141,51,101414,100000,100000,100000,100000,100000,100000,100000,100000,100000,100000,100000,
100000,100000,100000,100000,100000,104141,51,101414,100000,104444,104444,104444,100000,100000,100000,100000,104443,104422,104434,100000,100000,100000,100000,100000,100000,100000,100000,100000,104141,51,101414,100000,100000,100000,100000,100000,104344,102244,103444,100000,100000,100000,100000,100000,100000,100000,100000,100000,100000,100000,
100000,100000,100000,100000,100000,104344,102244,103444,100000,100000,100000,100000,100000,100000,100000,100000,104141,51,101414,100000,100000,100000,100000,104443,104422,104434,100000,100000,104344,102244,103444,100000,100000,100000,100000,100000,100000,100000,100000,100000,100000,100000,100000,100000,100000,100000,100000,100000,100000,100000,
100000,100000,100000,100000,100000,100000,100000,100000,100000,100000,100000,100000,100000,100000,100000,100000,104344,102244,103444,100000,100000,100000,100000,104141,51,101414,100000,100000,100000,100000,100000,100000,100000,100000,100000,100000,100000,100000,100000,100000,100000,100000,100000,100000,100000,100000,100000,100000,100000,100000,
104443,104422,104434,100000,100000,100000,100000,100000,100000,100000,100000,100000,100000,100000,100000,100000,100000,100000,100000,100000,100000,100000,104443,104322,102234,103444,100000,100000,100000,100000,100000,100000,100000,100000,100000,100000,104443,104422,104434,100000,100000,100000,100000,100000,100000,100000,100000,100000,100000,100000,
104141,51,101414,100000,100000,100000,100000,104443,104422,104434,100000,100000,100000,100000,100000,100000,100000,100000,100000,100000,100000,100000,104141,51,101414,100000,100000,104443,104422,104434,100000,100000,100000,100000,100000,100000,104141,51,101402,104434,100000,100000,100000,100000,100000,100000,100000,100000,100000,100000,
104344,102244,103444,100000,100000,100000,100000,104141,51,101414,100000,100000,100000,100000,100000,100000,100000,100000,100000,100000,100000,100000,104344,102244,103444,100000,100000,104141,51,101414,100000,100000,100000,100000,100000,100000,104344,102041,51,101414,100000,100000,100000,100000,100000,100000,100000,100000,100000,100000,
100000,100000,100000,100000,100000,100000,100000,104344,102244,103444,100000,100000,100000,100000,100000,100000,100000,100000,100000,100000,104443,104422,104422,104434,100000,100000,100000,104344,102244,103444,100000,100000,100000,100000,100000,100000,100000,104344,102244,103444,100000,100000,100000,100000,100000,100000,100000,100000,100000,100000,
100000,100000,100000,100000,100000,100000,100000,100000,100000,100000,100000,100000,100000,100000,100000,100000,100000,100000,100000,100000,104141,51,51,101414,100000,100000,100000,100000,100000,100000,100000,100000,100000,100000,100000,100000,100000,100000,100000,100000,100000,100000,100000,100000,100000,100000,100000,100000,100000,100000,
100000,104443,104422,104434,100000,100000,100000,100000,100000,100000,100000,100000,100000,100000,100000,100000,100000,100000,100000,100000,104344,102244,102244,103444,100000,100000,104443,104422,104434,104443,104422,104422,104434,100000,100000,100000,100000,100000,100000,100000,100000,100000,100000,100000,100000,100000,100000,100000,100000,100000,
100000,104141,51,101414,100000,100000,100000,100000,100000,100000,100000,100000,100000,100000,100000,100000,100000,100000,100000,100000,100000,100000,100000,100000,100000,100000,104141,51,101414,104141,51,51,101414,100000,100000,100000,100000,100000,100000,100000,100000,100000,100000,100000,100000,100000,100000,100000,100000,100000,
100000,104344,102244,103444,100000,100000,100000,104444,104444,104444,104444,104444,100000,100000,100000,100000,100000,100000,100000,100000,100000,100000,100000,100000,100000,100000,104344,102244,103444,104344,102244,102244,103444,100000,100000,100000,100000,100000,100000,100000,100000,100000,100000,100000,100000,100000,100000,100000,100000,100000,
100000,100000,100000,100000,100000,100000,100000,104444,104444,104444,104444,104444,100000,100000,100000,100000,100000,100000,100000,100000,100000,100000,100000,100000,100000,100000,100000,100000,100000,100000,100000,100000,100000,100000,100000,100000,100000,100000,100000,100000,100000,100000,100000,100000,100000,100000,100000,100000,100000,100000,
100000,100000,100000,100000,100000,100000,100000,104444,104444,104444,104444,104444,100000,100000,100000,100000,100000,100000,100000,100000,100000,100000,100000,100000,100000,100000,100000,100000,100000,100000,100000,100000,100000,100000,100000,100000,100000,100000,100000,100000,100000,100000,100000,100000,100000,100000,100000,100000,100000,100000,
100000,100000,100000,100000,100000,100000,100000,104444,104444,104444,104444,104444,100000,100000,100000,100000,100000,100000,100000,100000,100000,100000,100000,100000,100000,100000,100000,100000,100000,100000,100000,100000,100000,100000,100000,100000,100000,100000,100000,100000,100000,100000,100000,100000,100000,100000,100000,100000,100000,100000,
100000,100000,100000,100000,100000,100000,100000,100000,100000,100000,100000,100000,100000,100000,100000,100000,100000,100000,100000,100000,100000,100000,100000,100000,100000,100000,100000,100000,100000,100000,100000,100000,100000,100000,100000,100000,100000,100000,100000,100000,100000,100000,100000,100000,100000,100000,100000,100000,100000,100000,
100000,100000,100000,100000,100000,100000,100000,100000,100000,100000,100000,100000,100000,100000,100000,100000,100000,100000,100000,100000,100000,100000,100000,100000,100000,100000,100000,100000,100000,100000,100000,100000,100000,100000,100000,100000,100000,100000,100000,100000,100000,100000,100000,100000,100000,100000,100000,100000,100000,100000,
[MAPLAYER_3_END]
[--MAP_END--]
----------
[EVENTDATA_TEXT_OUTPUT]
EVENT_NUM=9
-----
EVENT_ID=0
EVENT_NAME=宝箱
EVENT_X=45
EVENT_Y=9
EVENT_PAGE=2
OPTION_DATA_NUM=0
EVENT_PAGE_NUM=2
EVENT_PAGE=0
EVENT_TILE_ID=863
GRAPHIC_FILENAME=
EVENT_DIRECTION=2
EVENT_PATTERN=1
EVENT_OPACITY=255
EVENT_BLENDTYPE=0
EVENT_TRIGGER_TYPE=0
EVENT_CONDITION_0_USE=32
EVENT_CONDITION_TARGET_0=1000000
EVENT_CONDITION_VALUE_0=0
EVENT_CONDITION_1_USE=32
EVENT_CONDITION_TARGET_1=1000000
EVENT_CONDITION_VALUE_1=0
EVENT_CONDITION_2_USE=32
EVENT_CONDITION_TARGET_2=1000000
EVENT_CONDITION_VALUE_2=0
EVENT_CONDITION_3_USE=32
EVENT_CONDITION_TARGET_3=1000000
EVENT_CONDITION_VALUE_3=0
ANIME_SPEED=3
MOVE_SPEED=3
MOVE_FREQUENCY=3
MOVE_TYPE=0
CHARA_OPTION_FLAG=36
ROUTE_OPTION_FLAG=2
ROUTE_COMMAND_NUM=0
OPTION_VAL_NUM=3
OPTION_VAL_0=0
OPTION_VAL_1=0
OPTION_VAL_2=0
COMMAND_NUM=6
--
WoditorEvCOMMAND_START
[103][0,1]<0>()("セルフ変数0　を　1　にすると、ページ2が起動して画像が変わります。")
[121][4,0]<0>(2000006,1,0,0)()
[103][0,1]<0>()("開いた宝箱になったら、ここでアイテム入手処理を作り、メッセージを表示")
[140][6,1]<0>(33554464,0,0,0,100,100)("SE/[System]Get2_wolf.ogg")
[210][4,0]<0>(500003,2,500,0)()
[0][0,0]<0>()()
WoditorEvCOMMAND_END
--
[COMMAND_TEXT_START]
▼ セルフ変数0　を　1　にすると、ページ2が起動して画像が変わります。
■変数操作: V6[X] = 1 + 0 
▼ 開いた宝箱になったら、ここでアイテム入手処理を作り、メッセージを表示
■サウンド：SE ﾌｧｲﾙ[SE/[System]Get2_wolf.ogg] 音 100％ 周 100％ (0 ﾁｬﾝﾈﾙ) 再生 / 遅延：0ﾌﾚｰﾑ
■イベントの挿入： コモン3：[ ○お金の増減 ] / 500 / 0:なし
■
[COMMAND_TEXT_END]
EVENT_PAGE=1
EVENT_TILE_ID=871
GRAPHIC_FILENAME=
EVENT_DIRECTION=2
EVENT_PATTERN=1
EVENT_OPACITY=255
EVENT_BLENDTYPE=0
EVENT_TRIGGER_TYPE=0
EVENT_CONDITION_0_USE=33
EVENT_CONDITION_TARGET_0=2000006
EVENT_CONDITION_VALUE_0=1
EVENT_CONDITION_1_USE=32
EVENT_CONDITION_TARGET_1=1000000
EVENT_CONDITION_VALUE_1=0
EVENT_CONDITION_2_USE=32
EVENT_CONDITION_TARGET_2=1000000
EVENT_CONDITION_VALUE_2=0
EVENT_CONDITION_3_USE=32
EVENT_CONDITION_TARGET_3=1000000
EVENT_CONDITION_VALUE_3=0
ANIME_SPEED=3
MOVE_SPEED=3
MOVE_FREQUENCY=3
MOVE_TYPE=0
CHARA_OPTION_FLAG=36
ROUTE_OPTION_FLAG=2
ROUTE_COMMAND_NUM=0
OPTION_VAL_NUM=3
OPTION_VAL_0=0
OPTION_VAL_1=0
OPTION_VAL_2=0
COMMAND_NUM=1
--
WoditorEvCOMMAND_START
[0][0,0]<0>()()
WoditorEvCOMMAND_END
--
[COMMAND_TEXT_START]
■
[COMMAND_TEXT_END]
-----
EVENT_ID=1
EVENT_NAME=CharaChip/[ウ]学生ゾンビ100.png
EVENT_X=34
EVENT_Y=9
EVENT_PAGE=1
OPTION_DATA_NUM=0
EVENT_PAGE_NUM=1
EVENT_PAGE=0
EVENT_TILE_ID=-1
GRAPHIC_FILENAME=CharaChip/[ウ]学生ゾンビ100.png
EVENT_DIRECTION=2
EVENT_PATTERN=1
EVENT_OPACITY=255
EVENT_BLENDTYPE=0
EVENT_TRIGGER_TYPE=3
EVENT_CONDITION_0_USE=32
EVENT_CONDITION_TARGET_0=1000000
EVENT_CONDITION_VALUE_0=0
EVENT_CONDITION_1_USE=32
EVENT_CONDITION_TARGET_1=1000000
EVENT_CONDITION_VALUE_1=0
EVENT_CONDITION_2_USE=32
EVENT_CONDITION_TARGET_2=1000000
EVENT_CONDITION_VALUE_2=0
EVENT_CONDITION_3_USE=32
EVENT_CONDITION_TARGET_3=1000000
EVENT_CONDITION_VALUE_3=0
ANIME_SPEED=3
MOVE_SPEED=5
MOVE_FREQUENCY=1
MOVE_TYPE=3
CHARA_OPTION_FLAG=35
ROUTE_OPTION_FLAG=2
ROUTE_COMMAND_NUM=0
OPTION_VAL_NUM=3
OPTION_VAL_0=0
OPTION_VAL_1=0
OPTION_VAL_2=0
COMMAND_NUM=13
--
WoditorEvCOMMAND_START
[111][7,0]<0>(2,1100001,1,2,1100001,0,1)()
[401][1,0]<0>(1)()
[140][6,1]<1>(33554464,0,0,0,100,100)("nobihazaSE/ゾンビ声.wav")
[176][0,0]<1>()()
[0][0,0]<1>()()
[401][1,0]<0>(2)()
[210][5,0]<1>(500004,3,1,0,-1)()
[140][6,1]<1>(33554464,0,0,5,100,100)("nobihazaSE/うわぁ.wav")
[0][0,0]<1>()()
[499][0,0]<0>()()
[210][5,0]<0>(500004,3,1,0,-1)()
[140][6,1]<0>(33554464,0,0,5,100,100)("nobihazaSE/うわぁ.wav")
[0][0,0]<0>()()
WoditorEvCOMMAND_END
--
[COMMAND_TEXT_START]
■条件分岐(数値):  【1】 このEvのSelf1  が   1 と同じ  【2】 このEvのSelf1  が   0 以上 
-◇分岐： 【1】  [ このEvのSelf1  が  1 と同じ  ]の場合↓
 |■サウンド：SE ﾌｧｲﾙ[nobihazaSE/ゾンビ声.wav] 音 100％ 周 100％ (0 ﾁｬﾝﾈﾙ) 再生 / 遅延：0ﾌﾚｰﾑ
 |■ループ開始へ戻る
 |■
-◇分岐： 【2】  [ このEvのSelf1  が  0 以上  ]の場合↓
 |■イベントの挿入： コモン4：[ ○回復・ダメージ処理 ] / 1:HPの回復・減少 / 0:のび太 / -1
 |■サウンド：SE ﾌｧｲﾙ[nobihazaSE/うわぁ.wav] 音 100％ 周 100％ (0 ﾁｬﾝﾈﾙ) 再生 / 遅延：0ﾌﾚｰﾑ
 |■
◇分岐終了◇
■イベントの挿入： コモン4：[ ○回復・ダメージ処理 ] / 1:HPの回復・減少 / 0:のび太 / -1
■サウンド：SE ﾌｧｲﾙ[nobihazaSE/うわぁ.wav] 音 100％ 周 100％ (0 ﾁｬﾝﾈﾙ) 再生 / 遅延：0ﾌﾚｰﾑ
■
[COMMAND_TEXT_END]
-----
EVENT_ID=2
EVENT_NAME=Aへの場所移動
EVENT_X=11
EVENT_Y=29
EVENT_PAGE=1
OPTION_DATA_NUM=0
EVENT_PAGE_NUM=1
EVENT_PAGE=0
EVENT_TILE_ID=-1
GRAPHIC_FILENAME=
EVENT_DIRECTION=2
EVENT_PATTERN=1
EVENT_OPACITY=255
EVENT_BLENDTYPE=0
EVENT_TRIGGER_TYPE=3
EVENT_CONDITION_0_USE=32
EVENT_CONDITION_TARGET_0=1000000
EVENT_CONDITION_VALUE_0=0
EVENT_CONDITION_1_USE=32
EVENT_CONDITION_TARGET_1=1000000
EVENT_CONDITION_VALUE_1=0
EVENT_CONDITION_2_USE=32
EVENT_CONDITION_TARGET_2=1000000
EVENT_CONDITION_VALUE_2=0
EVENT_CONDITION_3_USE=32
EVENT_CONDITION_TARGET_3=1000000
EVENT_CONDITION_VALUE_3=0
ANIME_SPEED=3
MOVE_SPEED=3
MOVE_FREQUENCY=3
MOVE_TYPE=0
CHARA_OPTION_FLAG=35
ROUTE_OPTION_FLAG=2
ROUTE_COMMAND_NUM=0
OPTION_VAL_NUM=3
OPTION_VAL_0=0
OPTION_VAL_1=4
OPTION_VAL_2=0
COMMAND_NUM=3
--
WoditorEvCOMMAND_START
[210][2,0]<0>(500252,0)()
[130][5,0]<0>(-1,2,57,21,32)()
[0][0,0]<0>()()
WoditorEvCOMMAND_END
--
[COMMAND_TEXT_START]
■イベントの挿入： コモン252：[ 乱数 ]
■場所移動：主人公 ▲マップID21[1F 西渡り廊下] X:2 Y:57  [ﾄﾗﾝｼﾞｼｮﾝ + 暗転有り]
■
[COMMAND_TEXT_END]
-----
EVENT_ID=3
EVENT_NAME=CharaChip/[ウ]学生ゾンビ100.png
EVENT_X=35
EVENT_Y=13
EVENT_PAGE=1
OPTION_DATA_NUM=0
EVENT_PAGE_NUM=1
EVENT_PAGE=0
EVENT_TILE_ID=-1
GRAPHIC_FILENAME=CharaChip/[ウ]学生ゾンビ100.png
EVENT_DIRECTION=2
EVENT_PATTERN=1
EVENT_OPACITY=255
EVENT_BLENDTYPE=0
EVENT_TRIGGER_TYPE=3
EVENT_CONDITION_0_USE=32
EVENT_CONDITION_TARGET_0=1000000
EVENT_CONDITION_VALUE_0=0
EVENT_CONDITION_1_USE=32
EVENT_CONDITION_TARGET_1=1000000
EVENT_CONDITION_VALUE_1=0
EVENT_CONDITION_2_USE=32
EVENT_CONDITION_TARGET_2=1000000
EVENT_CONDITION_VALUE_2=0
EVENT_CONDITION_3_USE=32
EVENT_CONDITION_TARGET_3=1000000
EVENT_CONDITION_VALUE_3=0
ANIME_SPEED=3
MOVE_SPEED=5
MOVE_FREQUENCY=1
MOVE_TYPE=3
CHARA_OPTION_FLAG=35
ROUTE_OPTION_FLAG=2
ROUTE_COMMAND_NUM=0
OPTION_VAL_NUM=3
OPTION_VAL_0=0
OPTION_VAL_1=0
OPTION_VAL_2=0
COMMAND_NUM=13
--
WoditorEvCOMMAND_START
[111][7,0]<0>(2,1100001,1,2,1100001,0,1)()
[401][1,0]<0>(1)()
[140][6,1]<1>(33554464,0,0,0,100,100)("nobihazaSE/ゾンビ声.wav")
[176][0,0]<1>()()
[0][0,0]<1>()()
[401][1,0]<0>(2)()
[210][5,0]<1>(500004,3,1,0,-1)()
[140][6,1]<1>(33554464,0,0,5,100,100)("nobihazaSE/うわぁ.wav")
[0][0,0]<1>()()
[499][0,0]<0>()()
[210][5,0]<0>(500004,3,1,0,-1)()
[140][6,1]<0>(33554464,0,0,5,100,100)("nobihazaSE/うわぁ.wav")
[0][0,0]<0>()()
WoditorEvCOMMAND_END
--
[COMMAND_TEXT_START]
■条件分岐(数値):  【1】 このEvのSelf1  が   1 と同じ  【2】 このEvのSelf1  が   0 以上 
-◇分岐： 【1】  [ このEvのSelf1  が  1 と同じ  ]の場合↓
 |■サウンド：SE ﾌｧｲﾙ[nobihazaSE/ゾンビ声.wav] 音 100％ 周 100％ (0 ﾁｬﾝﾈﾙ) 再生 / 遅延：0ﾌﾚｰﾑ
 |■ループ開始へ戻る
 |■
-◇分岐： 【2】  [ このEvのSelf1  が  0 以上  ]の場合↓
 |■イベントの挿入： コモン4：[ ○回復・ダメージ処理 ] / 1:HPの回復・減少 / 0:のび太 / -1
 |■サウンド：SE ﾌｧｲﾙ[nobihazaSE/うわぁ.wav] 音 100％ 周 100％ (0 ﾁｬﾝﾈﾙ) 再生 / 遅延：0ﾌﾚｰﾑ
 |■
◇分岐終了◇
■イベントの挿入： コモン4：[ ○回復・ダメージ処理 ] / 1:HPの回復・減少 / 0:のび太 / -1
■サウンド：SE ﾌｧｲﾙ[nobihazaSE/うわぁ.wav] 音 100％ 周 100％ (0 ﾁｬﾝﾈﾙ) 再生 / 遅延：0ﾌﾚｰﾑ
■
[COMMAND_TEXT_END]
-----
EVENT_ID=4
EVENT_NAME=CharaChip/[ウ]学生ゾンビ100.png
EVENT_X=31
EVENT_Y=7
EVENT_PAGE=1
OPTION_DATA_NUM=0
EVENT_PAGE_NUM=1
EVENT_PAGE=0
EVENT_TILE_ID=-1
GRAPHIC_FILENAME=CharaChip/[ウ]学生ゾンビ100.png
EVENT_DIRECTION=2
EVENT_PATTERN=1
EVENT_OPACITY=255
EVENT_BLENDTYPE=0
EVENT_TRIGGER_TYPE=3
EVENT_CONDITION_0_USE=32
EVENT_CONDITION_TARGET_0=1000000
EVENT_CONDITION_VALUE_0=0
EVENT_CONDITION_1_USE=32
EVENT_CONDITION_TARGET_1=1000000
EVENT_CONDITION_VALUE_1=0
EVENT_CONDITION_2_USE=32
EVENT_CONDITION_TARGET_2=1000000
EVENT_CONDITION_VALUE_2=0
EVENT_CONDITION_3_USE=32
EVENT_CONDITION_TARGET_3=1000000
EVENT_CONDITION_VALUE_3=0
ANIME_SPEED=3
MOVE_SPEED=5
MOVE_FREQUENCY=1
MOVE_TYPE=3
CHARA_OPTION_FLAG=35
ROUTE_OPTION_FLAG=2
ROUTE_COMMAND_NUM=0
OPTION_VAL_NUM=3
OPTION_VAL_0=0
OPTION_VAL_1=0
OPTION_VAL_2=0
COMMAND_NUM=13
--
WoditorEvCOMMAND_START
[111][7,0]<0>(2,1100001,1,2,1100001,0,1)()
[401][1,0]<0>(1)()
[140][6,1]<1>(33554464,0,0,0,100,100)("nobihazaSE/ゾンビ声.wav")
[176][0,0]<1>()()
[0][0,0]<1>()()
[401][1,0]<0>(2)()
[210][5,0]<1>(500004,3,1,0,-1)()
[140][6,1]<1>(33554464,0,0,5,100,100)("nobihazaSE/うわぁ.wav")
[0][0,0]<1>()()
[499][0,0]<0>()()
[210][5,0]<0>(500004,3,1,0,-1)()
[140][6,1]<0>(33554464,0,0,5,100,100)("nobihazaSE/うわぁ.wav")
[0][0,0]<0>()()
WoditorEvCOMMAND_END
--
[COMMAND_TEXT_START]
■条件分岐(数値):  【1】 このEvのSelf1  が   1 と同じ  【2】 このEvのSelf1  が   0 以上 
-◇分岐： 【1】  [ このEvのSelf1  が  1 と同じ  ]の場合↓
 |■サウンド：SE ﾌｧｲﾙ[nobihazaSE/ゾンビ声.wav] 音 100％ 周 100％ (0 ﾁｬﾝﾈﾙ) 再生 / 遅延：0ﾌﾚｰﾑ
 |■ループ開始へ戻る
 |■
-◇分岐： 【2】  [ このEvのSelf1  が  0 以上  ]の場合↓
 |■イベントの挿入： コモン4：[ ○回復・ダメージ処理 ] / 1:HPの回復・減少 / 0:のび太 / -1
 |■サウンド：SE ﾌｧｲﾙ[nobihazaSE/うわぁ.wav] 音 100％ 周 100％ (0 ﾁｬﾝﾈﾙ) 再生 / 遅延：0ﾌﾚｰﾑ
 |■
◇分岐終了◇
■イベントの挿入： コモン4：[ ○回復・ダメージ処理 ] / 1:HPの回復・減少 / 0:のび太 / -1
■サウンド：SE ﾌｧｲﾙ[nobihazaSE/うわぁ.wav] 音 100％ 周 100％ (0 ﾁｬﾝﾈﾙ) 再生 / 遅延：0ﾌﾚｰﾑ
■
[COMMAND_TEXT_END]
-----
EVENT_ID=5
EVENT_NAME=CharaChip/[ウ]学生ゾンビ100.png
EVENT_X=22
EVENT_Y=14
EVENT_PAGE=1
OPTION_DATA_NUM=0
EVENT_PAGE_NUM=1
EVENT_PAGE=0
EVENT_TILE_ID=-1
GRAPHIC_FILENAME=CharaChip/[ウ]学生ゾンビ100.png
EVENT_DIRECTION=2
EVENT_PATTERN=1
EVENT_OPACITY=255
EVENT_BLENDTYPE=0
EVENT_TRIGGER_TYPE=3
EVENT_CONDITION_0_USE=32
EVENT_CONDITION_TARGET_0=1000000
EVENT_CONDITION_VALUE_0=0
EVENT_CONDITION_1_USE=32
EVENT_CONDITION_TARGET_1=1000000
EVENT_CONDITION_VALUE_1=0
EVENT_CONDITION_2_USE=32
EVENT_CONDITION_TARGET_2=1000000
EVENT_CONDITION_VALUE_2=0
EVENT_CONDITION_3_USE=32
EVENT_CONDITION_TARGET_3=1000000
EVENT_CONDITION_VALUE_3=0
ANIME_SPEED=3
MOVE_SPEED=5
MOVE_FREQUENCY=1
MOVE_TYPE=3
CHARA_OPTION_FLAG=35
ROUTE_OPTION_FLAG=2
ROUTE_COMMAND_NUM=0
OPTION_VAL_NUM=3
OPTION_VAL_0=0
OPTION_VAL_1=0
OPTION_VAL_2=0
COMMAND_NUM=13
--
WoditorEvCOMMAND_START
[111][7,0]<0>(2,1100001,1,2,1100001,0,1)()
[401][1,0]<0>(1)()
[140][6,1]<1>(33554464,0,0,0,100,100)("nobihazaSE/ゾンビ声.wav")
[176][0,0]<1>()()
[0][0,0]<1>()()
[401][1,0]<0>(2)()
[210][5,0]<1>(500004,3,1,0,-1)()
[140][6,1]<1>(33554464,0,0,5,100,100)("nobihazaSE/うわぁ.wav")
[0][0,0]<1>()()
[499][0,0]<0>()()
[210][5,0]<0>(500004,3,1,0,-1)()
[140][6,1]<0>(33554464,0,0,5,100,100)("nobihazaSE/うわぁ.wav")
[0][0,0]<0>()()
WoditorEvCOMMAND_END
--
[COMMAND_TEXT_START]
■条件分岐(数値):  【1】 このEvのSelf1  が   1 と同じ  【2】 このEvのSelf1  が   0 以上 
-◇分岐： 【1】  [ このEvのSelf1  が  1 と同じ  ]の場合↓
 |■サウンド：SE ﾌｧｲﾙ[nobihazaSE/ゾンビ声.wav] 音 100％ 周 100％ (0 ﾁｬﾝﾈﾙ) 再生 / 遅延：0ﾌﾚｰﾑ
 |■ループ開始へ戻る
 |■
-◇分岐： 【2】  [ このEvのSelf1  が  0 以上  ]の場合↓
 |■イベントの挿入： コモン4：[ ○回復・ダメージ処理 ] / 1:HPの回復・減少 / 0:のび太 / -1
 |■サウンド：SE ﾌｧｲﾙ[nobihazaSE/うわぁ.wav] 音 100％ 周 100％ (0 ﾁｬﾝﾈﾙ) 再生 / 遅延：0ﾌﾚｰﾑ
 |■
◇分岐終了◇
■イベントの挿入： コモン4：[ ○回復・ダメージ処理 ] / 1:HPの回復・減少 / 0:のび太 / -1
■サウンド：SE ﾌｧｲﾙ[nobihazaSE/うわぁ.wav] 音 100％ 周 100％ (0 ﾁｬﾝﾈﾙ) 再生 / 遅延：0ﾌﾚｰﾑ
■
[COMMAND_TEXT_END]
-----
EVENT_ID=6
EVENT_NAME=
EVENT_X=15
EVENT_Y=2
EVENT_PAGE=4
OPTION_DATA_NUM=0
EVENT_PAGE_NUM=4
EVENT_PAGE=0
EVENT_TILE_ID=-1
GRAPHIC_FILENAME=
EVENT_DIRECTION=2
EVENT_PATTERN=1
EVENT_OPACITY=255
EVENT_BLENDTYPE=0
EVENT_TRIGGER_TYPE=0
EVENT_CONDITION_0_USE=32
EVENT_CONDITION_TARGET_0=1000000
EVENT_CONDITION_VALUE_0=0
EVENT_CONDITION_1_USE=32
EVENT_CONDITION_TARGET_1=1000000
EVENT_CONDITION_VALUE_1=0
EVENT_CONDITION_2_USE=32
EVENT_CONDITION_TARGET_2=1000000
EVENT_CONDITION_VALUE_2=0
EVENT_CONDITION_3_USE=32
EVENT_CONDITION_TARGET_3=1000000
EVENT_CONDITION_VALUE_3=0
ANIME_SPEED=3
MOVE_SPEED=3
MOVE_FREQUENCY=3
MOVE_TYPE=0
CHARA_OPTION_FLAG=35
ROUTE_OPTION_FLAG=2
ROUTE_COMMAND_NUM=0
OPTION_VAL_NUM=3
OPTION_VAL_0=0
OPTION_VAL_1=0
OPTION_VAL_2=0
COMMAND_NUM=1
--
WoditorEvCOMMAND_START
[0][0,0]<0>()()
WoditorEvCOMMAND_END
--
[COMMAND_TEXT_START]
■
[COMMAND_TEXT_END]
EVENT_PAGE=1
EVENT_TILE_ID=-1
GRAPHIC_FILENAME=
EVENT_DIRECTION=2
EVENT_PATTERN=1
EVENT_OPACITY=255
EVENT_BLENDTYPE=0
EVENT_TRIGGER_TYPE=0
EVENT_CONDITION_0_USE=32
EVENT_CONDITION_TARGET_0=1000000
EVENT_CONDITION_VALUE_0=0
EVENT_CONDITION_1_USE=32
EVENT_CONDITION_TARGET_1=1000000
EVENT_CONDITION_VALUE_1=0
EVENT_CONDITION_2_USE=32
EVENT_CONDITION_TARGET_2=1000000
EVENT_CONDITION_VALUE_2=0
EVENT_CONDITION_3_USE=32
EVENT_CONDITION_TARGET_3=1000000
EVENT_CONDITION_VALUE_3=0
ANIME_SPEED=3
MOVE_SPEED=3
MOVE_FREQUENCY=3
MOVE_TYPE=0
CHARA_OPTION_FLAG=35
ROUTE_OPTION_FLAG=2
ROUTE_COMMAND_NUM=0
OPTION_VAL_NUM=3
OPTION_VAL_0=0
OPTION_VAL_1=0
OPTION_VAL_2=0
COMMAND_NUM=1
--
WoditorEvCOMMAND_START
[0][0,0]<0>()()
WoditorEvCOMMAND_END
--
[COMMAND_TEXT_START]
■
[COMMAND_TEXT_END]
EVENT_PAGE=2
EVENT_TILE_ID=-1
GRAPHIC_FILENAME=
EVENT_DIRECTION=2
EVENT_PATTERN=1
EVENT_OPACITY=255
EVENT_BLENDTYPE=0
EVENT_TRIGGER_TYPE=0
EVENT_CONDITION_0_USE=32
EVENT_CONDITION_TARGET_0=1000000
EVENT_CONDITION_VALUE_0=0
EVENT_CONDITION_1_USE=32
EVENT_CONDITION_TARGET_1=1000000
EVENT_CONDITION_VALUE_1=0
EVENT_CONDITION_2_USE=32
EVENT_CONDITION_TARGET_2=1000000
EVENT_CONDITION_VALUE_2=0
EVENT_CONDITION_3_USE=32
EVENT_CONDITION_TARGET_3=1000000
EVENT_CONDITION_VALUE_3=0
ANIME_SPEED=3
MOVE_SPEED=3
MOVE_FREQUENCY=3
MOVE_TYPE=0
CHARA_OPTION_FLAG=35
ROUTE_OPTION_FLAG=2
ROUTE_COMMAND_NUM=0
OPTION_VAL_NUM=3
OPTION_VAL_0=0
OPTION_VAL_1=0
OPTION_VAL_2=0
COMMAND_NUM=1
--
WoditorEvCOMMAND_START
[0][0,0]<0>()()
WoditorEvCOMMAND_END
--
[COMMAND_TEXT_START]
■
[COMMAND_TEXT_END]
EVENT_PAGE=3
EVENT_TILE_ID=-1
GRAPHIC_FILENAME=
EVENT_DIRECTION=2
EVENT_PATTERN=1
EVENT_OPACITY=255
EVENT_BLENDTYPE=0
EVENT_TRIGGER_TYPE=0
EVENT_CONDITION_0_USE=32
EVENT_CONDITION_TARGET_0=1000000
EVENT_CONDITION_VALUE_0=0
EVENT_CONDITION_1_USE=32
EVENT_CONDITION_TARGET_1=1000000
EVENT_CONDITION_VALUE_1=0
EVENT_CONDITION_2_USE=32
EVENT_CONDITION_TARGET_2=1000000
EVENT_CONDITION_VALUE_2=0
EVENT_CONDITION_3_USE=32
EVENT_CONDITION_TARGET_3=1000000
EVENT_CONDITION_VALUE_3=0
ANIME_SPEED=3
MOVE_SPEED=3
MOVE_FREQUENCY=3
MOVE_TYPE=0
CHARA_OPTION_FLAG=35
ROUTE_OPTION_FLAG=2
ROUTE_COMMAND_NUM=0
OPTION_VAL_NUM=3
OPTION_VAL_0=0
OPTION_VAL_1=0
OPTION_VAL_2=0
COMMAND_NUM=1
--
WoditorEvCOMMAND_START
[0][0,0]<0>()()
WoditorEvCOMMAND_END
--
[COMMAND_TEXT_START]
■
[COMMAND_TEXT_END]
-----
EVENT_ID=7
EVENT_NAME=
EVENT_X=0
EVENT_Y=0
EVENT_PAGE=1
OPTION_DATA_NUM=0
EVENT_PAGE_NUM=1
EVENT_PAGE=0
EVENT_TILE_ID=-1
GRAPHIC_FILENAME=
EVENT_DIRECTION=2
EVENT_PATTERN=1
EVENT_OPACITY=255
EVENT_BLENDTYPE=0
EVENT_TRIGGER_TYPE=0
EVENT_CONDITION_0_USE=32
EVENT_CONDITION_TARGET_0=1000000
EVENT_CONDITION_VALUE_0=0
EVENT_CONDITION_1_USE=32
EVENT_CONDITION_TARGET_1=1000000
EVENT_CONDITION_VALUE_1=0
EVENT_CONDITION_2_USE=32
EVENT_CONDITION_TARGET_2=1000000
EVENT_CONDITION_VALUE_2=0
EVENT_CONDITION_3_USE=32
EVENT_CONDITION_TARGET_3=1000000
EVENT_CONDITION_VALUE_3=0
ANIME_SPEED=3
MOVE_SPEED=3
MOVE_FREQUENCY=3
MOVE_TYPE=0
CHARA_OPTION_FLAG=35
ROUTE_OPTION_FLAG=2
ROUTE_COMMAND_NUM=0
OPTION_VAL_NUM=3
OPTION_VAL_0=0
OPTION_VAL_1=0
OPTION_VAL_2=0
COMMAND_NUM=1
--
WoditorEvCOMMAND_START
[0][0,0]<0>()()
WoditorEvCOMMAND_END
--
[COMMAND_TEXT_START]
■
[COMMAND_TEXT_END]
-----
EVENT_ID=8
EVENT_NAME=
EVENT_X=11
EVENT_Y=0
EVENT_PAGE=1
OPTION_DATA_NUM=0
EVENT_PAGE_NUM=1
EVENT_PAGE=0
EVENT_TILE_ID=-1
GRAPHIC_FILENAME=
EVENT_DIRECTION=2
EVENT_PATTERN=1
EVENT_OPACITY=255
EVENT_BLENDTYPE=0
EVENT_TRIGGER_TYPE=3
EVENT_CONDITION_0_USE=32
EVENT_CONDITION_TARGET_0=1000000
EVENT_CONDITION_VALUE_0=0
EVENT_CONDITION_1_USE=32
EVENT_CONDITION_TARGET_1=1000000
EVENT_CONDITION_VALUE_1=0
EVENT_CONDITION_2_USE=32
EVENT_CONDITION_TARGET_2=1000000
EVENT_CONDITION_VALUE_2=0
EVENT_CONDITION_3_USE=32
EVENT_CONDITION_TARGET_3=1000000
EVENT_CONDITION_VALUE_3=0
ANIME_SPEED=3
MOVE_SPEED=3
MOVE_FREQUENCY=3
MOVE_TYPE=0
CHARA_OPTION_FLAG=35
ROUTE_OPTION_FLAG=2
ROUTE_COMMAND_NUM=0
OPTION_VAL_NUM=3
OPTION_VAL_0=0
OPTION_VAL_1=4
OPTION_VAL_2=0
COMMAND_NUM=4
--
WoditorEvCOMMAND_START
[210][2,0]<0>(500252,0)()
[151][2,0]<0>(6579300,0)()
[130][5,0]<0>(-1,24,48,26,32)()
[0][0,0]<0>()()
WoditorEvCOMMAND_END
--
[COMMAND_TEXT_START]
■イベントの挿入： コモン252：[ 乱数 ]
■色調変更： R100 G100 B100 / 0ﾌﾚｰﾑ
■場所移動：主人公 ▲マップID26[図書室倉庫] X:24 Y:48  [ﾄﾗﾝｼﾞｼｮﾝ + 暗転有り]
■
[COMMAND_TEXT_END]
